1.04001	0	0.04
1.12012	0.04	0.045
1.12021	0.045	0.044375
1.12031	0.044375	0.0438281
1.1204	0.0438281	0.0433496
1.12049	0.0433496	0.0429309
1.12059	0.0429309	0.0425645
1.12068	0.0425645	0.042244
1.16017	0.042244	0.0469635
1.16026	0.0469635	0.046093
1.16036	0.046093	0.0453314
1.16045	0.0453314	0.044665
1.16055	0.044665	0.0440819
1.20112	0.0440819	0.0436966
1.24037	0.0436966	0.0432345
1.2406	0.0432345	0.0428302
1.24079	0.0428302	0.0424765
1.24098	0.0424765	0.0421669
1.24107	0.0421669	0.042021
1.24122	0.042021	0.0417684
1.28046	0.0417684	0.0415474
1.2807	0.0415474	0.0413539
1.28089	0.0413539	0.0411847
1.28108	0.0411847	0.0411616
1.28117	0.0411616	0.0410164
1.28127	0.0410164	0.0408894
1.32052	0.0408894	0.0456532
1.32075	0.0456532	0.0449465
1.32094	0.0449465	0.0443282
1.32113	0.0443282	0.0439122
1.32127	0.0439122	0.0434232
1.40147	0.0434232	0.0429953
1.4411	0.0429953	0.0476209
1.44152	0.0476209	0.0466683
1.48115	0.0466683	0.0508347
1.48124	0.0508347	0.0494804
1.48162	0.0494804	0.0482953
1.52125	0.0482953	0.0472584
1.52134	0.0472584	0.0463511
1.52172	0.0463511	0.0455572
1.56135	0.0455572	0.0448626
1.56144	0.0448626	0.0442547
1.56182	0.0442547	0.0437229
1.6014	0.0437229	0.0482575
1.60149	0.0482575	0.0472253
1.60187	0.0472253	0.0463222
1.64145	0.0463222	0.0505319
1.64154	0.0505319	0.0492154
1.64192	0.0492154	0.0480635
1.6815	0.0480635	0.0520556
1.6816	0.0520556	0.0505486
1.68169	0.0505486	0.04923
1.68202	0.04923	0.0482013
1.7216	0.0482013	0.0471761
1.72169	0.0471761	0.0462791
1.72179	0.0462791	0.0454942
1.72212	0.0454942	0.0448074
1.7617	0.0448074	0.0442065
1.76179	0.0442065	0.0436807
1.76189	0.0436807	0.0432206
1.76217	0.0432206	0.042943
1.80175	0.042943	0.0474502
1.80184	0.0474502	0.0465189
1.80194	0.0465189	0.045704
1.80222	0.045704	0.045116
1.8418	0.045116	0.0493515
1.8419	0.0493515	0.0481826
1.84199	0.0481826	0.0471598
1.84227	0.0471598	0.0463898
1.84237	0.0463898	0.0455911
1.8819	0.0455911	0.0448922
1.88199	0.0448922	0.0442807
1.88209	0.0442807	0.0438706
1.88237	0.0438706	0.0433868
1.88247	0.0433868	0.0429634
1.922	0.0429634	0.042593
1.92209	0.042593	0.0423939
1.92219	0.0423939	0.0420946
1.92247	0.0420946	0.0418328
1.92257	0.0418328	0.0416037
1.9621	0.0416037	0.0415282
1.96219	0.0415282	0.0414622
1.96229	0.0414622	0.0412794
1.96252	0.0412794	0.0411195
1.96262	0.0411195	0.0409796
2.00215	0.0409796	0.0458571
2.00224	0.0458571	0.045125
2.00234	0.045125	0.0444844
2.00257	0.0444844	0.0439238
2.00267	0.0439238	0.0434333
2.0422	0.0434333	0.0480042
2.04229	0.0480042	0.0470036
2.04239	0.0470036	0.0461282
2.04248	0.0461282	0.0453622
2.04267	0.0453622	0.0446919
2.04277	0.0446919	0.0441054
2.0823	0.0441054	0.0435922
2.08239	0.0435922	0.0431432
2.08249	0.0431432	0.0427503
2.08258	0.0427503	0.0424065
2.08277	0.0424065	0.0421057
2.08287	0.0421057	0.0418425
2.1224	0.0418425	0.0416122
2.12249	0.0416122	0.0414107
2.12259	0.0414107	0.0412343
2.12268	0.0412343	0.04108
2.12282	0.04108	0.040945
2.12292	0.040945	0.0408269
2.16245	0.0408269	0.0457235
2.16254	0.0457235	0.0450081
2.16264	0.0450081	0.0443821
2.16273	0.0443821	0.0438343
2.16287	0.0438343	0.043355
2.16297	0.043355	0.0429357
2.2025	0.0429357	0.0475687
2.2026	0.0475687	0.0466226
2.20269	0.0466226	0.0457948
2.20278	0.0457948	0.0450704
2.20293	0.0450704	0.0444366
2.20302	0.0444366	0.044007
2.20312	0.044007	0.0436312
2.2426	0.0436312	0.0431773
2.24269	0.0431773	0.0427801
2.24279	0.0427801	0.0424326
2.24288	0.0424326	0.0421285
2.24302	0.0421285	0.0419875
2.24312	0.0419875	0.041739
2.24321	0.041739	0.0415216
2.2827	0.0415216	0.0413314
2.28279	0.0413314	0.041165
2.28289	0.041165	0.0410194
2.28298	0.0410194	0.040892
2.28312	0.040892	0.0407805
2.28322	0.0407805	0.0406829
2.28331	0.0406829	0.0405975
2.32275	0.0405975	0.0453978
2.32284	0.0453978	0.0447231
2.32294	0.0447231	0.0441327
2.32303	0.0441327	0.0437411
2.32318	0.0437411	0.0433985
2.32327	0.0433985	0.0429737
2.32336	0.0429737	0.042602
2.3628	0.042602	0.0471517
2.3629	0.0471517	0.0462578
2.36299	0.0462578	0.0454755
2.36308	0.0454755	0.0449161
2.36323	0.0449161	0.0443016
2.36332	0.0443016	0.0437639
2.36342	0.0437639	0.0432934
2.40285	0.0432934	0.0477567
2.40295	0.0477567	0.0467871
2.40304	0.0467871	0.0460637
2.40314	0.0460637	0.0454308
2.40323	0.0454308	0.0447519
2.40333	0.0447519	0.0441579
2.40342	0.0441579	0.0436382
2.40351	0.0436382	0.0431834
2.443	0.0431834	0.0427855
2.60326	0.0427855	0.0424373
2.64335	0.0424373	0.0421326
2.68341	0.0421326	0.0468661
2.72346	0.0468661	0.0510078
2.76351	0.0510078	0.0546318
2.7636	0.0546318	0.0528028
2.80361	0.0528028	0.0512025
2.8037	0.0512025	0.0498022
2.84371	0.0498022	0.0485769
2.8438	0.0485769	0.0475048
2.8838	0.0475048	0.0465667
2.8839	0.0465667	0.0457459
2.92386	0.0457459	0.0500276
2.92395	0.0500276	0.0487742
2.96391	0.0487742	0.0526774
2.964	0.0526774	0.0512177
2.9641	0.0512177	0.0499405
3.00401	0.0499405	0.0488229
3.0041	0.0488229	0.0477201
3.0042	0.0477201	0.0467551
3.04411	0.0467551	0.0459107
3.0442	0.0459107	0.0451718
3.04429	0.0451718	0.0445254
3.08416	0.0445254	0.0489597
3.08425	0.0489597	0.0478397
3.08435	0.0478397	0.0468598
3.12421	0.0468598	0.0510023
3.1243	0.0510023	0.049627
3.1244	0.049627	0.0484236
3.16426	0.0484236	0.0523707
3.16435	0.0523707	0.0508243
3.16445	0.0508243	0.0494713
3.16454	0.0494713	0.0482874
3.20436	0.0482874	0.0472515
3.20445	0.0472515	0.046345
3.20455	0.046345	0.0455519
3.20464	0.0455519	0.0448579
3.24446	0.0448579	0.0442507
3.24455	0.0442507	0.0437193
3.24465	0.0437193	0.0432544
3.24474	0.0432544	0.0428476
3.28451	0.0428476	0.0474917
3.2846	0.0474917	0.0465552
3.2847	0.0465552	0.0457358
3.28479	0.0457358	0.0450188
3.32456	0.0450188	0.0493915
3.32465	0.0493915	0.0482175
3.32475	0.0482175	0.0471903
3.32484	0.0471903	0.0462916
3.36461	0.0462916	0.0505051
3.36471	0.0505051	0.049192
3.3648	0.049192	0.048043
3.36489	0.048043	0.0470376
3.36499	0.0470376	0.0461579
3.40471	0.0461579	0.0453882
3.4048	0.0453882	0.0447146
3.4049	0.0447146	0.0441253
3.40499	0.0441253	0.0436096
3.40509	0.0436096	0.0432834
3.44481	0.0432834	0.042873
3.4449	0.042873	0.0425139
3.445	0.0425139	0.0421996
3.44509	0.0421996	0.0420497
3.44519	0.0420497	0.0419185
3.48486	0.0419185	0.0465537
3.48496	0.0465537	0.0457345
3.48505	0.0457345	0.0451427
3.48514	0.0451427	0.0446248
3.48524	0.0446248	0.0440467
3.52491	0.0440467	0.0484159
3.52501	0.0484159	0.0474889
3.5251	0.0474889	0.0466778
3.5252	0.0466778	0.0458431
3.52529	0.0458431	0.0451127
3.52538	0.0451127	0.0444736
3.56501	0.0444736	0.0440394
3.56511	0.0440394	0.0435345
3.5652	0.0435345	0.0430927
3.56529	0.0430927	0.0427061
3.56539	0.0427061	0.0423678
3.56548	0.0423678	0.0420718
3.60511	0.0420718	0.0418129
3.6052	0.0418129	0.0415862
3.6053	0.0415862	0.041388
3.60539	0.041388	0.0412145
3.60549	0.0412145	0.0410627
3.60558	0.0410627	0.0409298
3.64516	0.0409298	0.0458136
3.64526	0.0458136	0.0450869
3.64535	0.0450869	0.044451
3.64544	0.044451	0.0438947
3.64554	0.0438947	0.0434078
3.64563	0.0434078	0.0429818
3.68521	0.0429818	0.0476091
3.68531	0.0476091	0.046658
3.6854	0.046658	0.0458257
3.6855	0.0458257	0.0450975
3.68559	0.0450975	0.0444603
3.68568	0.0444603	0.0439028
3.72526	0.0439028	0.0484149
3.72536	0.0484149	0.0473631
3.72545	0.0473631	0.0464427
3.72555	0.0464427	0.0456373
3.72564	0.0456373	0.0449327
3.72574	0.0449327	0.0443161
3.72583	0.0443161	0.0437766
3.76536	0.0437766	0.0433045
3.76546	0.0433045	0.0428914
3.76555	0.0428914	0.04253
3.76565	0.04253	0.0422138
3.76574	0.0422138	0.041937
3.76583	0.041937	0.0416949
3.76593	0.0416949	0.041483
3.80546	0.041483	0.0412977
3.80556	0.0412977	0.0411355
3.80565	0.0411355	0.0409935
3.80574	0.0409935	0.0408693
3.80584	0.0408693	0.0407607
3.80593	0.0407607	0.0406656
3.80603	0.0406656	0.0407074
3.84551	0.0407074	0.045619
3.84561	0.045619	0.0449166
3.8457	0.0449166	0.044302
3.8458	0.044302	0.0437643
3.84589	0.0437643	0.0432937
3.84599	0.0432937	0.042882
3.84608	0.042882	0.0426468
3.88556	0.0426468	0.0471909
3.88566	0.0471909	0.0462921
3.88575	0.0462921	0.0455055
3.88585	0.0455055	0.0448174
3.88594	0.0448174	0.0442152
3.88604	0.0442152	0.0438133
3.88613	0.0438133	0.0434616
3.88623	0.0434616	0.0430289
3.92566	0.0430289	0.0426503
3.92576	0.0426503	0.042319
3.92585	0.042319	0.0420291
3.92595	0.0420291	0.0417755
3.92604	0.0417755	0.0416786
3.92614	0.0416786	0.0414687
3.92623	0.0414687	0.0412851
3.92632	0.0412851	0.0411245
3.96576	0.0411245	0.0409839
3.96586	0.0409839	0.0408609
3.96595	0.0408609	0.0407533
3.96605	0.0407533	0.0407842
3.96614	0.0407842	0.0406861
3.96623	0.0406861	0.0406004
3.96633	0.0406004	0.0405253
3.96642	0.0405253	0.0404597
4.00581	0.0404597	0.0452772
4.00591	0.0452772	0.0446175
4.006	0.0446175	0.0441654
4.0061	0.0441654	0.0437697
4.00619	0.0437697	0.0432985
4.00629	0.0432985	0.0428862
4.00638	0.0428862	0.0425254
4.00647	0.0425254	0.0422097
4.04587	0.0422097	0.0468085
4.04596	0.0468085	0.0459574
4.04605	0.0459574	0.0453378
4.04615	0.0453378	0.0446705
4.04624	0.0446705	0.0440867
4.04634	0.0440867	0.0435759
4.04643	0.0435759	0.0431289
4.04653	0.0431289	0.0427378
4.04662	0.0427378	0.0423956
4.08596	0.0423956	0.0420961
4.08606	0.0420961	0.0419591
4.08615	0.0419591	0.0417142
4.08625	0.0417142	0.0414999
4.08634	0.0414999	0.0413124
4.08644	0.0413124	0.0411484
4.08653	0.0411484	0.0410048
4.08662	0.0410048	0.0408792
4.08672	0.0408792	0.0407693
4.12606	0.0407693	0.0407982
4.12616	0.0407982	0.0406984
4.12625	0.0406984	0.0406111
4.12635	0.0406111	0.0405347
4.12644	0.0405347	0.0404679
4.12653	0.0404679	0.0404094
4.12663	0.0404094	0.0403582
4.12672	0.0403582	0.0403134
4.12682	0.0403134	0.0402743
4.16616	0.0402743	0.04024
4.16626	0.04024	0.04021
4.16635	0.04021	0.0401837
4.16644	0.0401837	0.0401608
4.16654	0.0401608	0.0401407
4.16663	0.0401407	0.0401231
4.16673	0.0401231	0.0401077
4.16682	0.0401077	0.0400942
4.16692	0.0400942	0.0400825
4.20621	0.0400825	0.0450721
4.20631	0.0450721	0.0444381
4.2064	0.0444381	0.0438834
4.2065	0.0438834	0.0433979
4.20659	0.0433979	0.0429732
4.20668	0.0429732	0.0426015
4.20678	0.0426015	0.0422764
4.20687	0.0422764	0.0419918
4.20697	0.0419918	0.0417428
4.24626	0.0417428	0.046525
4.24636	0.046525	0.0457094
4.24645	0.0457094	0.0449957
4.24655	0.0449957	0.0443712
4.24664	0.0443712	0.0438248
4.24674	0.0438248	0.0433467
4.24683	0.0433467	0.0429284
4.24693	0.0429284	0.0425623
4.24702	0.0425623	0.042367
4.24711	0.042367	0.0421962
4.28636	0.0421962	0.0419216
4.28646	0.0419216	0.0416814
4.28655	0.0416814	0.0414713
4.28665	0.0414713	0.0412873
4.28674	0.0412873	0.0411264
4.28684	0.0411264	0.0409856
4.28693	0.0409856	0.0408624
4.28702	0.0408624	0.0408796
4.28712	0.0408796	0.0407697
4.28721	0.0407697	0.0406735
4.32646	0.0406735	0.0405893
4.32656	0.0405893	0.0405156
4.32665	0.0405156	0.0404512
4.32674	0.0404512	0.0403948
4.32684	0.0403948	0.0403454
4.32693	0.0403454	0.0403022
4.32703	0.0403022	0.0403895
4.32712	0.0403895	0.0404658
4.32722	0.0404658	0.0404076
4.32731	0.0404076	0.0403566
4.36651	0.0403566	0.045187
4.36661	0.045187	0.0445387
4.3667	0.0445387	0.0439713
4.3668	0.0439713	0.0434749
4.36689	0.0434749	0.0430405
4.36699	0.0430405	0.0426605
4.36708	0.0426605	0.0424529
4.36717	0.0424529	0.0421463
4.36727	0.0421463	0.041878
4.36736	0.041878	0.0416433
4.40656	0.0416433	0.0463129
4.40666	0.0463129	0.0455237
4.40675	0.0455237	0.0448333
4.40685	0.0448333	0.0442291
4.40694	0.0442291	0.0437005
4.40704	0.0437005	0.0433629
4.40713	0.0433629	0.0430676
4.40723	0.0430676	0.0426841
4.40732	0.0426841	0.0423486
4.40741	0.0423486	0.042055
4.40751	0.042055	0.0417981
4.44666	0.0417981	0.0415734
4.44676	0.0415734	0.0413767
4.44685	0.0413767	0.0412046
4.44695	0.0412046	0.041054
4.44704	0.041054	0.0410473
4.44714	0.0410473	0.0409164
4.44723	0.0409164	0.0408018
4.44732	0.0408018	0.0407016
4.44742	0.0407016	0.0406139
4.44751	0.0406139	0.0405372
4.44761	0.0405372	0.04047
4.48676	0.04047	0.0404113
4.48686	0.0404113	0.0403599
4.48695	0.0403599	0.0403149
4.48705	0.0403149	0.0404005
4.48714	0.0404005	0.0403504
4.48723	0.0403504	0.0403066
4.48733	0.0403066	0.0402683
4.48742	0.0402683	0.0402348
4.48752	0.0402348	0.0402054
4.48761	0.0402054	0.0401797
4.48771	0.0401797	0.0401573
4.52681	0.0401573	0.0450126
4.52691	0.0450126	0.044386
4.527	0.044386	0.0439628
4.5271	0.0439628	0.0435924
4.52719	0.0435924	0.0431434
4.52729	0.0431434	0.0427505
4.52738	0.0427505	0.0424066
4.52747	0.0424066	0.0421058
4.52757	0.0421058	0.0418426
4.52766	0.0418426	0.0416123
4.52776	0.0416123	0.0414107
4.56687	0.0414107	0.0461094
4.56696	0.0461094	0.0453457
4.56705	0.0453457	0.0448025
4.56715	0.0448025	0.0442022
4.56724	0.0442022	0.0436769
4.56734	0.0436769	0.0432173
4.56743	0.0432173	0.0428151
4.56753	0.0428151	0.0424632
4.56762	0.0424632	0.0421553
4.56771	0.0421553	0.0418859
4.56781	0.0418859	0.0416502
4.5679	0.0416502	0.0414439
4.60696	0.0414439	0.0412634
4.60706	0.0412634	0.0412305
4.60715	0.0412305	0.0410767
4.60725	0.0410767	0.0409421
4.60734	0.0409421	0.0408243
4.60744	0.0408243	0.0407213
4.60753	0.0407213	0.0406311
4.60762	0.0406311	0.0405522
4.60772	0.0405522	0.0404832
4.60781	0.0404832	0.0404228
4.60791	0.0404228	0.04037
4.608	0.04037	0.0404487
4.64706	0.0404487	0.0405176
4.64716	0.0405176	0.0404529
4.64725	0.0404529	0.0403963
4.64735	0.0403963	0.0403468
4.64744	0.0403468	0.0403034
4.64753	0.0403034	0.0402655
4.64763	0.0402655	0.0402323
4.64772	0.0402323	0.0402033
4.64782	0.0402033	0.0401779
4.64791	0.0401779	0.0401556
4.64801	0.0401556	0.0402612
4.6481	0.0402612	0.0402285
4.68716	0.0402285	0.0402
4.68726	0.0402	0.040175
4.68735	0.040175	0.0401531
4.68744	0.0401531	0.040134
4.68754	0.040134	0.0401172
4.68763	0.0401172	0.0401026
4.68773	0.0401026	0.0400897
4.68782	0.0400897	0.0400785
4.68792	0.0400785	0.0400687
4.68801	0.0400687	0.0401851
4.68811	0.0401851	0.040287
4.6882	0.040287	0.0402511
4.72721	0.0402511	0.0450947
4.72731	0.0450947	0.0444579
4.7274	0.0444579	0.0439006
4.7275	0.0439006	0.0434131
4.72759	0.0434131	0.0429864
4.72768	0.0429864	0.0426131
4.72778	0.0426131	0.0422865
4.72787	0.0422865	0.0420007
4.72797	0.0420007	0.0417506
4.72806	0.0417506	0.0416568
4.72816	0.0416568	0.0414497
4.72825	0.0414497	0.0412685
4.76726	0.0412685	0.0459849
4.76736	0.0459849	0.0452368
4.76745	0.0452368	0.0445822
4.76755	0.0445822	0.0440094
4.76764	0.0440094	0.0435082
4.76774	0.0435082	0.0430697
4.76783	0.0430697	0.042686
4.76793	0.042686	0.0423502
4.76802	0.0423502	0.0421815
4.76811	0.0421815	0.0420338
4.76821	0.0420338	0.0417796
4.7683	0.0417796	0.0415571
4.7684	0.0415571	0.0413625
4.80736	0.0413625	0.0411922
4.80746	0.0411922	0.0410431
4.80755	0.0410431	0.0409127
4.80765	0.0409127	0.0407987
4.80774	0.0407987	0.0406988
4.80784	0.0406988	0.0406115
4.80793	0.0406115	0.040535
4.80802	0.040535	0.0405932
4.80812	0.0405932	0.040519
4.80821	0.040519	0.0404541
4.80831	0.0404541	0.0403974
4.8084	0.0403974	0.0403477
4.8085	0.0403477	0.0403042
4.84746	0.0403042	0.0402662
4.84756	0.0402662	0.0402329
4.84765	0.0402329	0.0402038
4.84775	0.0402038	0.0401783
4.84784	0.0401783	0.040156
4.84793	0.040156	0.0401365
4.88846	0.0401365	0.0401195
4.88869	0.0401195	0.0401045
4.92775	0.0401045	0.0400915
4.92794	0.0400915	0.04008
4.92813	0.04008	0.04007
4.92823	0.04007	0.0400613
4.92856	0.0400613	0.0400536
4.92879	0.0400536	0.0400469
4.96785	0.0400469	0.040041
4.96804	0.040041	0.0401609
4.96823	0.0401609	0.0401408
4.96833	0.0401408	0.0401232
4.96861	0.0401232	0.0401078
4.96884	0.0401078	0.0400943
5.0079	0.0400943	0.0449575
5.00809	0.0449575	0.0444628
5.00828	0.0444628	0.043905
5.00838	0.043905	0.0434169
5.00866	0.0434169	0.0429898
5.0089	0.0429898	0.042616
5.04796	0.042616	0.047164
5.04814	0.047164	0.0463935
5.04833	0.0463935	0.0455943
5.04843	0.0455943	0.044895
5.04871	0.044895	0.0442832
5.04895	0.0442832	0.0437478
5.04904	0.0437478	0.0434043
5.08805	0.0434043	0.0431038
5.08824	0.0431038	0.0427158
5.08843	0.0427158	0.0423763
5.08853	0.0423763	0.0420793
5.08881	0.0420793	0.0418194
5.08905	0.0418194	0.0417169
5.08914	0.0417169	0.0415023
5.12815	0.0415023	0.0413145
5.12834	0.0413145	0.0411502
5.12853	0.0411502	0.0410064
5.12863	0.0410064	0.0408806
5.12891	0.0408806	0.0407706
5.12914	0.0407706	0.0406742
5.12924	0.0406742	0.04059
5.16821	0.04059	0.0453912
5.16839	0.0453912	0.0447173
5.16858	0.0447173	0.0441276
5.16868	0.0441276	0.0436117
5.16896	0.0436117	0.0431602
5.1692	0.0431602	0.0428902
5.16929	0.0428902	0.0425289
5.20826	0.0425289	0.0470878
5.20845	0.0470878	0.0462018
5.20863	0.0462018	0.0454266
5.20873	0.0454266	0.0447483
5.20901	0.0447483	0.0442797
5.20925	0.0442797	0.0438698
5.20934	0.0438698	0.0433861
5.24831	0.0433861	0.0478378
5.2485	0.0478378	0.0468581
5.24859	0.0468581	0.0460008
5.24873	0.0460008	0.0452507
5.24883	0.0452507	0.0445944
5.24911	0.0445944	0.0440201
5.24935	0.0440201	0.0435176
5.24944	0.0435176	0.0430779
5.28855	0.0430779	0.0426931
5.32926	0.0426931	0.0424815
5.36865	0.0424815	0.0470463
5.36875	0.0470463	0.0461655
5.36931	0.0461655	0.0455198
5.4087	0.0455198	0.0497048
5.4088	0.0497048	0.0484917
5.40936	0.0484917	0.0475553
5.44876	0.0475553	0.0514859
5.44885	0.0514859	0.0500501
5.44942	0.0500501	0.0489189
5.44951	0.0489189	0.047804
5.48885	0.047804	0.0468285
5.48895	0.0468285	0.0459749
5.48951	0.0459749	0.0452281
5.48961	0.0452281	0.0445746
5.52895	0.0445746	0.0440027
5.52905	0.0440027	0.0436274
5.52961	0.0436274	0.043174
5.52971	0.043174	0.0427772
5.569	0.0427772	0.0474301
5.5691	0.0474301	0.0466263
5.56966	0.0466263	0.045798
5.56976	0.045798	0.0450733
5.60906	0.0450733	0.0494391
5.60915	0.0494391	0.0482592
5.60972	0.0482592	0.0472268
5.60981	0.0472268	0.0463235
5.64911	0.0463235	0.050533
5.6492	0.050533	0.0492164
5.6493	0.0492164	0.0480644
5.64982	0.0480644	0.0470563
5.64991	0.0470563	0.0461743
5.68921	0.0461743	0.0454025
5.6893	0.0454025	0.0447272
5.6894	0.0447272	0.0441363
5.68991	0.0441363	0.0436192
5.69001	0.0436192	0.0432918
5.72931	0.0432918	0.0428804
5.7294	0.0428804	0.0425203
5.72949	0.0425203	0.0422053
5.73001	0.0422053	0.0420546
5.73011	0.0420546	0.0419228
5.76936	0.0419228	0.0465574
5.76945	0.0465574	0.0457378
5.76955	0.0457378	0.0450205
5.77006	0.0450205	0.044518
5.77016	0.044518	0.0439532
5.80941	0.0439532	0.0483341
5.8095	0.0483341	0.0472923
5.8096	0.0472923	0.0463808
5.81012	0.0463808	0.0457082
5.81021	0.0457082	0.0449947
5.8103	0.0449947	0.0443703
5.84951	0.0443703	0.043824
5.8496	0.043824	0.043346
5.8497	0.043346	0.0429278
5.85021	0.0429278	0.0425618
5.85031	0.0425618	0.0422416
5.8504	0.0422416	0.0419614
5.88961	0.0419614	0.0417162
5.8897	0.0417162	0.0415017
5.88979	0.0415017	0.041314
5.89031	0.041314	0.0411497
5.89041	0.0411497	0.041006
5.8905	0.041006	0.0408803
5.9297	0.0408803	0.0407702
5.9298	0.0407702	0.0406739
5.92989	0.0406739	0.0405897
5.93036	0.0405897	0.040641
5.93046	0.040641	0.0405609
5.93055	0.0405609	0.0404908
5.96976	0.0404908	0.0453044
5.96985	0.0453044	0.0446414
5.96994	0.0446414	0.0440612
5.97042	0.0440612	0.0436785
5.97051	0.0436785	0.0432187
5.9706	0.0432187	0.0428164
6.00981	0.0428164	0.0473393
6.0099	0.0473393	0.0464219
6.01	0.0464219	0.0456192
6.01009	0.0456192	0.0450418
6.01051	0.0450418	0.0444116
6.01061	0.0444116	0.0438601
6.0107	0.0438601	0.0433776
6.04991	0.0433776	0.0429554
6.05	0.0429554	0.042711
6.0501	0.042711	0.0424971
6.05019	0.0424971	0.042185
6.05061	0.042185	0.0419118
6.05071	0.0419118	0.0416729
6.0508	0.0416729	0.0414638
6.09	0.0414638	0.0414058
6.0901	0.0414058	0.0412301
6.09019	0.0412301	0.0410763
6.09029	0.0410763	0.0409418
6.09067	0.0409418	0.040824
6.09076	0.040824	0.040721
6.09085	0.040721	0.0406309
6.13006	0.0406309	0.045552
6.13015	0.045552	0.044858
6.13029	0.044858	0.0442508
6.21044	0.0442508	0.0437194
6.21054	0.0437194	0.0432545
6.25026	0.0432545	0.0477227
6.25054	0.0477227	0.0467574
6.25064	0.0467574	0.0459127
6.29036	0.0459127	0.0451736
6.29059	0.0451736	0.0445269
6.29069	0.0445269	0.043961
6.33041	0.043961	0.0484659
6.33065	0.0484659	0.0474077
6.33074	0.0474077	0.0464817
6.37046	0.0464817	0.0506715
6.3707	0.0506715	0.0493376
6.37079	0.0493376	0.0481704
6.37089	0.0481704	0.0471491
6.41056	0.0471491	0.0462554
6.4108	0.0462554	0.0454735
6.41089	0.0454735	0.0447893
6.41099	0.0447893	0.0441906
6.45066	0.0441906	0.0436668
6.4509	0.0436668	0.0432085
6.45099	0.0432085	0.0428074
6.45108	0.0428074	0.0425815
6.49071	0.0425815	0.0472588
6.49095	0.0472588	0.0463514
6.49104	0.0463514	0.0456825
6.49114	0.0456825	0.0450972
6.53076	0.0450972	0.049335
6.531	0.049335	0.0481682
6.53109	0.0481682	0.0472721
6.53119	0.0472721	0.0463631
6.57081	0.0463631	0.0504427
6.57091	0.0504427	0.0491374
6.5711	0.0491374	0.0481202
6.57119	0.0481202	0.0471052
6.57129	0.0471052	0.046217
6.61091	0.046217	0.0454399
6.61101	0.0454399	0.0448849
6.6112	0.0448849	0.0442743
6.61129	0.0442743	0.04374
6.61138	0.04374	0.0432725
6.65101	0.0432725	0.0429884
6.65111	0.0429884	0.0426149
6.65129	0.0426149	0.042288
6.65139	0.042288	0.042002
6.65148	0.042002	0.0417518
6.69106	0.0417518	0.0465328
6.69116	0.0465328	0.0457162
6.69135	0.0457162	0.0450017
6.69144	0.0450017	0.0443765
6.69153	0.0443765	0.0438294
6.73111	0.0438294	0.0483507
6.73121	0.0483507	0.0473069
6.7314	0.0473069	0.0463935
6.73149	0.0463935	0.0455943
6.73159	0.0455943	0.044895
6.73168	0.044895	0.0442832
6.77121	0.0442832	0.0437478
6.77131	0.0437478	0.0432793
6.7715	0.0432793	0.0428694
6.77159	0.0428694	0.0425107
6.77169	0.0425107	0.0421969
6.77178	0.0421969	0.0419223
6.81131	0.0419223	0.041682
6.81141	0.041682	0.0414717
6.8116	0.0414717	0.0412878
6.81169	0.0412878	0.0411268
6.81178	0.0411268	0.0409859
6.81188	0.0409859	0.0408627
6.85136	0.0408627	0.0457549
6.85146	0.0457549	0.0450355
6.85165	0.0450355	0.0444061
6.85174	0.0444061	0.0438553
6.85184	0.0438553	0.0433734
6.85193	0.0433734	0.0429517
6.89141	0.0429517	0.0475828
6.89151	0.0475828	0.0466349
6.8917	0.0466349	0.0458055
6.89179	0.0458055	0.0450799
6.89189	0.0450799	0.0444449
6.89198	0.0444449	0.0438893
6.93147	0.0438893	0.0484031
6.93156	0.0484031	0.0473527
6.93165	0.0473527	0.0464336
6.9318	0.0464336	0.0456294
7.01176	0.0456294	0.0449257
7.012	0.0449257	0.04431
7.01209	0.04431	0.0438963
7.05186	0.0438963	0.0434092
7.05209	0.0434092	0.0431081
7.05219	0.0431081	0.0427196
7.09196	0.0427196	0.0423796
7.09219	0.0423796	0.0420822
7.09229	0.0420822	0.0418219
7.13201	0.0418219	0.0465942
7.13224	0.0465942	0.0458949
7.13234	0.0458949	0.045158
7.17206	0.045158	0.0495133
7.1723	0.0495133	0.0483241
7.17239	0.0483241	0.0472836
7.21211	0.0472836	0.0513731
7.2122	0.0513731	0.0499515
7.21239	0.0499515	0.0487076
7.21249	0.0487076	0.0476191
7.25221	0.0476191	0.0466667
7.2523	0.0466667	0.0458334
7.25249	0.0458334	0.0451042
7.25259	0.0451042	0.0444662
7.29231	0.0444662	0.0439079
7.2924	0.0439079	0.0434194
7.29259	0.0434194	0.042992
7.29269	0.042992	0.042618
7.33236	0.042618	0.0472907
7.33245	0.0472907	0.0463794
7.33264	0.0463794	0.045582
7.33274	0.045582	0.0448842
7.37241	0.0448842	0.0492737
7.37251	0.0492737	0.0481145
7.3727	0.0481145	0.0471002
7.37279	0.0471002	0.0462127
7.37288	0.0462127	0.0454361
7.41251	0.0454361	0.0447566
7.4126	0.0447566	0.044162
7.41279	0.044162	0.0436417
7.41289	0.0436417	0.0431865
7.41298	0.0431865	0.0427882
7.45261	0.0427882	0.0424397
7.4527	0.0424397	0.0421347
7.45289	0.0421347	0.0418679
7.45299	0.0418679	0.0416344
7.45308	0.0416344	0.0415551
7.49271	0.0415551	0.0413607
7.4928	0.0413607	0.0411906
7.49294	0.0411906	0.0410418
7.49304	0.0410418	0.0410366
7.49313	0.0410366	0.041032
7.53276	0.041032	0.045778
7.53285	0.045778	0.0450557
7.533	0.0450557	0.0444238
7.53309	0.0444238	0.0439958
7.53318	0.0439958	0.0434963
7.57281	0.0434963	0.0479343
7.5729	0.0479343	0.0469425
7.57305	0.0469425	0.0461997
7.57314	0.0461997	0.0455497
7.57324	0.0455497	0.044856
7.57333	0.044856	0.044249
7.61291	0.044249	0.0437179
7.613	0.0437179	0.0433781
7.61315	0.0433781	0.0429559
7.61324	0.0429559	0.0425864
7.61333	0.0425864	0.0422631
7.61343	0.0422631	0.0419802
7.65301	0.0419802	0.0418577
7.6531	0.0418577	0.0416255
7.65324	0.0416255	0.0414223
7.65334	0.0414223	0.0412445
7.65343	0.0412445	0.0410889
7.65353	0.0410889	0.0409528
7.69306	0.0409528	0.0458337
7.69315	0.0458337	0.0451045
7.6933	0.0451045	0.0444664
7.69339	0.0444664	0.0439081
7.69348	0.0439081	0.0434196
7.69358	0.0434196	0.0429922
7.73311	0.0429922	0.0476181
7.7332	0.0476181	0.0466659
7.73335	0.0466659	0.0458326
7.73344	0.0458326	0.0451036
7.73354	0.0451036	0.0444656
7.73363	0.0444656	0.0439074
7.73373	0.0439074	0.043419
7.77321	0.043419	0.0429916
7.7733	0.0429916	0.0426177
7.77345	0.0426177	0.0422905
7.77354	0.0422905	0.0420041
7.77364	0.0420041	0.0417536
7.77373	0.0417536	0.0415344
7.77382	0.0415344	0.0413426
7.81331	0.0413426	0.0411748
7.8134	0.0411748	0.0410279
7.81355	0.0410279	0.0408994
7.81364	0.0408994	0.040787
7.81373	0.040787	0.0406886
7.81383	0.0406886	0.0406026
7.81392	0.0406026	0.0405272
7.85341	0.0405272	0.0404613
7.8535	0.0404613	0.0404037
7.8536	0.0404037	0.0403532
7.85369	0.0403532	0.0403091
7.85379	0.0403091	0.0402704
7.85388	0.0402704	0.0402366
7.85397	0.0402366	0.040207
7.89346	0.040207	0.0451812
7.89355	0.0451812	0.0445335
7.89365	0.0445335	0.0439668
7.89374	0.0439668	0.043471
7.89384	0.043471	0.0430371
7.89393	0.0430371	0.0426575
7.89403	0.0426575	0.0424503
7.93351	0.0424503	0.047144
7.9336	0.047144	0.046251
7.9337	0.046251	0.0454696
7.93379	0.0454696	0.0447859
7.93389	0.0447859	0.0441877
7.93398	0.0441877	0.0436642
7.93408	0.0436642	0.0433312
7.93417	0.0433312	0.0429148
7.97361	0.0429148	0.0425504
7.9737	0.0425504	0.0422316
7.9738	0.0422316	0.0419527
7.97389	0.0419527	0.0417086
7.97399	0.0417086	0.041495
7.97408	0.041495	0.0414331
7.97417	0.0414331	0.041254
7.97427	0.041254	0.0410972
8.01371	0.0410972	0.0409601
8.0138	0.0409601	0.0408401
8.0139	0.0408401	0.0407351
8.01399	0.0407351	0.0406432
8.01408	0.0406432	0.0406878
8.01418	0.0406878	0.0407268
8.01427	0.0407268	0.040636
8.01437	0.040636	0.0405565
8.05376	0.0405565	0.0453619
8.05385	0.0453619	0.0446917
8.05395	0.0446917	0.0441052
8.05404	0.0441052	0.0437171
8.05414	0.0437171	0.0433774
8.05423	0.0433774	0.0429552
8.05432	0.0429552	0.0425858
8.05442	0.0425858	0.0422626
8.09381	0.0422626	0.0468548
8.13438	0.0468548	0.0459979
8.17391	0.0459979	0.0501232
8.17401	0.0501232	0.0489828
8.1741	0.0489828	0.0478599
8.17448	0.0478599	0.0468775
8.21401	0.0468775	0.0461428
8.21411	0.0461428	0.0453749
8.2142	0.0453749	0.0447031
8.21458	0.0447031	0.0441152
8.25411	0.0441152	0.0436008
8.25421	0.0436008	0.0431507
8.2543	0.0431507	0.0427568
8.25463	0.0427568	0.0424122
8.29416	0.0424122	0.0471107
8.29426	0.0471107	0.0462219
8.29435	0.0462219	0.0454441
8.29468	0.0454441	0.0447636
8.33421	0.0447636	0.0491682
8.33431	0.0491682	0.0480221
8.3344	0.0480221	0.0470194
8.33473	0.0470194	0.046142
8.37427	0.046142	0.0503742
8.37436	0.0503742	0.0490774
8.37445	0.0490774	0.0479428
8.37455	0.0479428	0.0469499
8.37483	0.0469499	0.0460812
8.41436	0.0460812	0.045321
8.41446	0.045321	0.0446559
8.41455	0.0446559	0.0440739
8.41465	0.0440739	0.0435647
8.41493	0.0435647	0.0431191
8.45446	0.0431191	0.0427292
8.45456	0.0427292	0.042388
8.45465	0.042388	0.0420895
8.45475	0.0420895	0.0418283
8.45498	0.0418283	0.0415998
8.49451	0.0415998	0.0463998
8.49461	0.0463998	0.0455998
8.4947	0.0455998	0.0448999
8.4948	0.0448999	0.0442874
8.49503	0.0442874	0.0438765
8.53457	0.0438765	0.0483919
8.53466	0.0483919	0.0473429
8.53476	0.0473429	0.0464251
8.53485	0.0464251	0.0456219
8.53494	0.0456219	0.0449192
8.53513	0.0449192	0.0443043
8.57466	0.0443043	0.0437662
8.57476	0.0437662	0.0432955
8.57485	0.0432955	0.0428835
8.57495	0.0428835	0.0425231
8.57504	0.0425231	0.0423327
8.57523	0.0423327	0.0420411
8.61476	0.0420411	0.041786
8.61486	0.041786	0.0415627
8.61495	0.0415627	0.0413674
8.61505	0.0413674	0.0413215
8.61514	0.0413215	0.0411563
8.61528	0.0411563	0.0410117
8.65482	0.0410117	0.0457603
8.65491	0.0457603	0.0450402
8.655	0.0450402	0.0445352
8.6551	0.0445352	0.0440933
8.65519	0.0440933	0.0435816
8.65533	0.0435816	0.0431339
8.69487	0.0431339	0.0476172
8.69496	0.0476172	0.046665
8.69506	0.046665	0.0459569
8.69515	0.0459569	0.0452123
8.69524	0.0452123	0.0445608
8.69539	0.0445608	0.0439907
8.73492	0.0439907	0.0483668
8.73501	0.0483668	0.047446
8.73511	0.047446	0.0466402
8.7352	0.0466402	0.0458102
8.7353	0.0458102	0.0450839
8.73539	0.0450839	0.0444484
8.73548	0.0444484	0.0438924
8.77502	0.0438924	0.0435308
8.77511	0.0435308	0.0430895
8.77521	0.0430895	0.0427033
8.7753	0.0427033	0.0423654
8.77539	0.0423654	0.0420697
8.77549	0.0420697	0.041811
8.77558	0.041811	0.0415846
8.81512	0.0415846	0.0413865
8.81521	0.0413865	0.0412132
8.8153	0.0412132	0.0410616
8.8154	0.0410616	0.0409289
8.81549	0.0409289	0.0408128
8.81559	0.0408128	0.0407112
8.81568	0.0407112	0.0406223
8.85517	0.0406223	0.0455445
8.85526	0.0455445	0.0448514
8.85536	0.0448514	0.044245
8.85545	0.044245	0.0437144
8.85554	0.0437144	0.0432501
8.85564	0.0432501	0.0428438
8.85573	0.0428438	0.0424883
8.89522	0.0424883	0.0471773
8.89531	0.0471773	0.0462801
8.89541	0.0462801	0.0454951
8.8955	0.0454951	0.0448082
8.8956	0.0448082	0.0442072
8.89569	0.0442072	0.0436813
8.89579	0.0436813	0.0432211
8.89588	0.0432211	0.0428185
8.93532	0.0428185	0.0424662
8.93541	0.0424662	0.0421579
8.93551	0.0421579	0.0418882
8.9356	0.0418882	0.0416521
8.9357	0.0416521	0.0414456
8.93579	0.0414456	0.0412649
8.93588	0.0412649	0.0411068
8.93598	0.0411068	0.0409685
8.97542	0.0409685	0.0408474
8.97551	0.0408474	0.0407415
8.9756	0.0407415	0.0406488
8.9757	0.0406488	0.0405677
8.97579	0.0405677	0.0404967
8.97589	0.0404967	0.0404346
8.97598	0.0404346	0.0403803
8.97608	0.0403803	0.0404578
9.01547	0.0404578	0.0454005
9.01556	0.0454005	0.0447255
9.01566	0.0447255	0.0441348
9.01575	0.0441348	0.0436179
9.01585	0.0436179	0.0431657
9.01594	0.0431657	0.04277
9.01603	0.04277	0.0425487
9.01613	0.0425487	0.0423551
9.05552	0.0423551	0.0469358
9.05561	0.0469358	0.0460688
9.05571	0.0460688	0.0453102
9.0558	0.0453102	0.0446464
9.0559	0.0446464	0.0440656
9.05599	0.0440656	0.0435574
9.05609	0.0435574	0.0432377
9.05618	0.0432377	0.042833
9.05627	0.042833	0.0424789
9.09562	0.0424789	0.042169
9.09571	0.042169	0.0418979
9.09581	0.0418979	0.0416607
9.0959	0.0416607	0.0414531
9.096	0.0414531	0.0412714
9.09609	0.0412714	0.0412375
9.09618	0.0412375	0.0410828
9.09628	0.0410828	0.0409475
9.09637	0.0409475	0.040829
9.13572	0.040829	0.0407254
9.13581	0.0407254	0.0406347
9.13591	0.0406347	0.0405554
9.136	0.0405554	0.040486
9.13609	0.040486	0.0405502
9.13619	0.0405502	0.0404814
9.13628	0.0404814	0.0404213
9.13638	0.0404213	0.0403686
9.13647	0.0403686	0.0403225
9.17582	0.0403225	0.0402822
9.17591	0.0402822	0.0402469
9.176	0.0402469	0.0403411
9.1761	0.0403411	0.0404234
9.17619	0.0404234	0.0404955
9.17629	0.0404955	0.0404336
9.17638	0.0404336	0.0403794
9.17648	0.0403794	0.0403319
9.17657	0.0403319	0.0402905
9.21587	0.0402905	0.0451291
9.21596	0.0451291	0.044488
9.21606	0.044488	0.044052
9.21615	0.044052	0.0435455
9.21624	0.0435455	0.0431023
9.21634	0.0431023	0.0427145
9.21643	0.0427145	0.0423752
9.21653	0.0423752	0.0420783
9.21662	0.0420783	0.0418185
9.25592	0.0418185	0.0464662
9.25601	0.0464662	0.0457829
9.25611	0.0457829	0.0451851
9.2562	0.0451851	0.0445369
9.2563	0.0445369	0.0439698
9.25639	0.0439698	0.0434736
9.25648	0.0434736	0.0430394
9.25658	0.0430394	0.0426595
9.25667	0.0426595	0.042327
9.25677	0.042327	0.0420362
9.29602	0.0420362	0.0419066
9.29611	0.0419066	0.0416683
9.29621	0.0416683	0.0414598
9.2963	0.0414598	0.0412773
9.29639	0.0412773	0.0411176
9.29649	0.0411176	0.0409779
9.29658	0.0409779	0.0408557
9.29668	0.0408557	0.0407487
9.29677	0.0407487	0.0406551
9.29687	0.0406551	0.0405732
9.33612	0.0405732	0.0405016
9.33621	0.0405016	0.0404389
9.37678	0.0404389	0.040384
9.37702	0.040384	0.040461
9.41636	0.040461	0.0404034
9.41646	0.0404034	0.040353
9.41683	0.040353	0.0403088
9.41707	0.0403088	0.0403952
9.45641	0.0403952	0.0452208
9.45651	0.0452208	0.0445682
9.4566	0.0445682	0.0439972
9.45693	0.0439972	0.0434976
9.45717	0.0434976	0.0430604
9.49651	0.0430604	0.0426778
9.49661	0.0426778	0.0423431
9.4967	0.0423431	0.0420502
9.49703	0.0420502	0.0419189
9.49727	0.0419189	0.0416791
9.53661	0.0416791	0.0414692
9.53671	0.0414692	0.0412855
9.5368	0.0412855	0.0411248
9.53713	0.0411248	0.0409842
9.53732	0.0409842	0.0408612
9.57666	0.0408612	0.0456286
9.57676	0.0456286	0.044925
9.57685	0.044925	0.0443094
9.57718	0.0443094	0.0438957
9.57737	0.0438957	0.0434087
9.61671	0.0434087	0.0478576
9.61681	0.0478576	0.0468754
9.6169	0.0468754	0.046016
9.61723	0.046016	0.045389
9.61742	0.045389	0.0447154
9.65676	0.0447154	0.049001
9.65686	0.049001	0.0478758
9.65695	0.0478758	0.0468914
9.65705	0.0468914	0.0461549
9.65733	0.0461549	0.0453856
9.69682	0.0453856	0.0495874
9.77692	0.0495874	0.0532639
9.77701	0.0532639	0.051731
9.81697	0.051731	0.0551396
9.81707	0.0551396	0.0533721
9.85702	0.0533721	0.0567006
9.85712	0.0567006	0.054738
9.89708	0.054738	0.0578958
9.89717	0.0578958	0.0556588
9.89726	0.0556588	0.0537015
10.0174	0.0537015	0.0519888
10.0575	0.0519888	0.0504902
10.0976	0.0504902	0.0491789
10.1376	0.0491789	0.0530315
10.1777	0.0530315	0.0564026
10.2177	0.0564026	0.0593523
10.2178	0.0593523	0.0569332
10.2578	0.0569332	0.0548166
10.2579	0.0548166	0.0529645
10.2979	0.0529645	0.0513439
10.298	0.0513439	0.050051
10.338	0.050051	0.0489196
10.3381	0.0489196	0.0479296
10.3781	0.0479296	0.0519384
10.3782	0.0519384	0.0504461
10.4182	0.0504461	0.0541404
10.4984	0.0541404	0.0523728
10.5385	0.0523728	0.0508262
10.5786	0.0508262	0.0494729
10.6187	0.0494729	0.0532888
10.6587	0.0532888	0.0566277
10.6988	0.0566277	0.0595493
10.6989	0.0595493	0.0571056
10.7389	0.0571056	0.0549674
10.739	0.0549674	0.0530965
10.779	0.0530965	0.0514594
10.7791	0.0514594	0.050152
10.8191	0.050152	0.049008
10.8192	0.049008	0.048007
10.8591	0.048007	0.0520061
10.8592	0.0520061	0.0505053
10.8992	0.0505053	0.0541922
10.8993	0.0541922	0.0524182
10.8994	0.0524182	0.0508659
10.9393	0.0508659	0.0495077
10.9394	0.0495077	0.0483192
10.9395	0.0483192	0.0472793
10.9794	0.0472793	0.0463694
10.9795	0.0463694	0.0455732
10.9796	0.0455732	0.0448766
11.0194	0.0448766	0.049267
11.0195	0.049267	0.0481086
11.0196	0.0481086	0.047095
11.0595	0.047095	0.0512082
11.0596	0.0512082	0.0498071
11.0597	0.0498071	0.0485812
11.0995	0.0485812	0.0525086
11.0996	0.0525086	0.050945
11.0997	0.050945	0.0495769
11.0998	0.0495769	0.0483798
11.1396	0.0483798	0.0473323
11.1397	0.0473323	0.0464158
11.1398	0.0464158	0.0456138
11.1399	0.0456138	0.0449121
11.1797	0.0449121	0.0442981
11.1798	0.0442981	0.0437608
11.1799	0.0437608	0.0432907
11.18	0.0432907	0.0430044
11.2198	0.0430044	0.0476288
11.2199	0.0476288	0.0466752
11.22	0.0466752	0.0458408
11.2201	0.0458408	0.0452357
11.2598	0.0452357	0.0494562
11.2599	0.0494562	0.0482742
11.26	0.0482742	0.0473649
11.2601	0.0473649	0.0465693
11.2999	0.0465693	0.0506232
11.3	0.0506232	0.0492953
11.3001	0.0492953	0.0482584
11.3002	0.0482584	0.0472261
11.3002	0.0472261	0.0463228
11.34	0.0463228	0.0455325
11.3401	0.0455325	0.0449659
11.3402	0.0449659	0.0443452
11.3403	0.0443452	0.043802
11.3403	0.043802	0.0433268
11.3801	0.0433268	0.0430359
11.3802	0.0430359	0.0426564
11.3803	0.0426564	0.0423244
11.3804	0.0423244	0.0420338
11.3804	0.0420338	0.0417796
11.4201	0.0417796	0.0465571
11.4202	0.0465571	0.0457375
11.4203	0.0457375	0.0450203
11.4204	0.0450203	0.0443928
11.4205	0.0443928	0.0438437
11.4602	0.0438437	0.0483632
11.4603	0.0483632	0.0473178
11.4604	0.0473178	0.0464031
11.4605	0.0464031	0.0456027
11.4606	0.0456027	0.0449024
11.4606	0.0449024	0.0442896
11.5003	0.0442896	0.0437534
11.5004	0.0437534	0.0432842
11.5005	0.0432842	0.0428737
11.5006	0.0428737	0.0425145
11.5006	0.0425145	0.0422002
11.5007	0.0422002	0.0419251
11.5404	0.0419251	0.0416845
11.5405	0.0416845	0.0414739
11.5406	0.0414739	0.0412897
11.5407	0.0412897	0.0411285
11.5407	0.0411285	0.0409874
11.5408	0.0409874	0.040864
11.5804	0.040864	0.045756
11.5805	0.045756	0.0450365
11.5806	0.0450365	0.0444069
11.5807	0.0444069	0.0438561
11.5808	0.0438561	0.0433741
11.5809	0.0433741	0.0429523
11.6205	0.0429523	0.0475833
11.6206	0.0475833	0.0466354
11.6207	0.0466354	0.0458059
11.6208	0.0458059	0.0450802
11.6209	0.0450802	0.0444452
11.6209	0.0444452	0.0438895
11.6605	0.0438895	0.0484033
11.6606	0.0484033	0.0473529
11.6607	0.0473529	0.0464338
11.6608	0.0464338	0.0456296
11.6609	0.0456296	0.0449259
11.661	0.0449259	0.0443101
11.6611	0.0443101	0.0438964
11.7006	0.0438964	0.0434093
11.7007	0.0434093	0.0429832
11.7008	0.0429832	0.0426103
11.7009	0.0426103	0.042284
11.701	0.042284	0.0421235
11.7011	0.0421235	0.041983
11.7012	0.041983	0.0417352
11.7407	0.0417352	0.0415183
11.7408	0.0415183	0.0413285
11.7409	0.0413285	0.0411624
11.741	0.0411624	0.0411421
11.7411	0.0411421	0.0411244
11.7412	0.0411244	0.0409838
11.7413	0.0409838	0.0408608
11.7808	0.0408608	0.0456282
11.7809	0.0456282	0.0449247
11.781	0.0449247	0.0443091
11.7811	0.0443091	0.0438955
11.7812	0.0438955	0.0434085
11.7812	0.0434085	0.0429825
11.7813	0.0429825	0.0426097
11.8208	0.0426097	0.0471585
11.8209	0.0471585	0.0462636
11.821	0.0462636	0.0456057
11.8211	0.0456057	0.04503
11.8212	0.04503	0.0444012
11.8213	0.0444012	0.0438511
11.8214	0.0438511	0.0433697
11.8215	0.0433697	0.0429485
11.8609	0.0429485	0.0425799
11.861	0.0425799	0.0423824
11.8611	0.0423824	0.0420846
11.8612	0.0420846	0.041824
11.8613	0.041824	0.041596
11.8614	0.041596	0.0413965
11.8615	0.0413965	0.041222
11.8616	0.041222	0.0410692
11.901	0.0410692	0.0410606
11.9011	0.0410606	0.040928
11.9012	0.040928	0.040812
11.9013	0.040812	0.0407105
11.9014	0.0407105	0.0406217
11.9015	0.0406217	0.040544
11.9814	0.040544	0.040476
11.9816	0.040476	0.0404165
11.9818	0.0404165	0.0403644
12.1016	0.0403644	0.0403189
12.1417	0.0403189	0.040279
12.1817	0.040279	0.0452441
12.2218	0.0452441	0.0495886
12.2618	0.0495886	0.05339
12.2619	0.05339	0.0517163
12.3019	0.0517163	0.0502517
12.302	0.0502517	0.0490953
12.342	0.0490953	0.0480834
12.3421	0.0480834	0.0470729
12.3821	0.0470729	0.0461888
12.3823	0.0461888	0.0454152
12.5423	0.0454152	0.0497383
12.5824	0.0497383	0.048521
12.6225	0.048521	0.0474559
12.6626	0.0474559	0.0515239
12.7026	0.0515239	0.0550834
12.7427	0.0550834	0.058198
12.7428	0.058198	0.0559232
12.7828	0.0559232	0.0539328
12.7829	0.0539328	0.0521912
12.8229	0.0521912	0.0506673
12.823	0.0506673	0.0493339
12.863	0.0493339	0.0481672
12.8631	0.0481672	0.0472713
12.903	0.0472713	0.0514874
12.9031	0.0514874	0.0501764
12.9431	0.0501764	0.0539044
12.9432	0.0539044	0.0521663
12.9433	0.0521663	0.0506455
12.9832	0.0506455	0.0493149
12.9833	0.0493149	0.0481505
12.9834	0.0481505	0.0471317
13.0233	0.0471317	0.0462402
13.0234	0.0462402	0.0454602
13.0235	0.0454602	0.0447777
13.0633	0.0447777	0.0491805
13.0634	0.0491805	0.0480329
13.0635	0.0480329	0.0470288
13.1034	0.0470288	0.0511502
13.1035	0.0511502	0.0497564
13.1036	0.0497564	0.0485369
13.1434	0.0485369	0.0524698
13.1435	0.0524698	0.050911
13.1436	0.050911	0.0495472
13.1437	0.0495472	0.0483538
13.1835	0.0483538	0.0473095
13.1836	0.0473095	0.0463958
13.1837	0.0463958	0.0455964
13.1838	0.0455964	0.0448968
13.2236	0.0448968	0.0442847
13.2237	0.0442847	0.0437491
13.2238	0.0437491	0.0432805
13.2239	0.0432805	0.0428704
13.2637	0.0428704	0.0475116
13.2638	0.0475116	0.0465727
13.2639	0.0465727	0.0457511
13.264	0.0457511	0.0450322
13.3037	0.0450322	0.0494032
13.3038	0.0494032	0.0482278
13.3039	0.0482278	0.0471993
13.304	0.0471993	0.0464244
13.3438	0.0464244	0.0506213
13.3439	0.0506213	0.0492937
13.344	0.0492937	0.048132
13.3441	0.048132	0.0472405
13.3442	0.0472405	0.0463354
13.3839	0.0463354	0.0455435
13.384	0.0455435	0.0448505
13.3841	0.0448505	0.0443692
13.3842	0.0443692	0.0438231
13.3843	0.0438231	0.0433452
13.424	0.0433452	0.042927
13.4241	0.042927	0.0426862
13.4242	0.0426862	0.0423504
13.4243	0.0423504	0.0420566
13.4244	0.0420566	0.0417995
13.464	0.0417995	0.0465746
13.4641	0.0465746	0.0458778
13.4642	0.0458778	0.045143
13.4643	0.045143	0.0445002
13.4644	0.0445002	0.0439376
13.5041	0.0439376	0.0484454
13.5042	0.0484454	0.0473898
13.5043	0.0473898	0.046466
13.5044	0.046466	0.0456578
13.5045	0.0456578	0.0449506
13.5046	0.0449506	0.0443317
13.5442	0.0443317	0.0437903
13.5443	0.0437903	0.0433165
13.5444	0.0433165	0.0429019
13.5445	0.0429019	0.0425392
13.5446	0.0425392	0.0422218
13.5446	0.0422218	0.0419441
13.5843	0.0419441	0.0417011
13.6645	0.0417011	0.0414884
13.6649	0.0414884	0.0413024
13.7046	0.0413024	0.0411396
13.7049	0.0411396	0.0409971
13.705	0.0409971	0.0408725
13.7447	0.0408725	0.0407634
13.745	0.0407634	0.040793
13.7451	0.040793	0.0408189
13.7848	0.0408189	0.0407165
13.7851	0.0407165	0.0406269
13.7852	0.0406269	0.0405486
13.8249	0.0405486	0.04048
13.8252	0.04048	0.040545
13.9054	0.040545	0.0404769
13.9455	0.0404769	0.0404173
13.9856	0.0404173	0.0453651
14.0256	0.0453651	0.0496945
14.0657	0.0496945	0.0534827
14.0658	0.0534827	0.0517973
14.1058	0.0517973	0.0503227
14.1059	0.0503227	0.0490323
14.1459	0.0490323	0.0479033
14.146	0.0479033	0.0469154
14.186	0.0469154	0.046051
14.1861	0.046051	0.0454196
14.226	0.0454196	0.0498671
14.2261	0.0498671	0.0487587
14.2661	0.0487587	0.0526639
14.2662	0.0526639	0.0510809
14.2663	0.0510809	0.0496958
14.3062	0.0496958	0.0484838
14.3063	0.0484838	0.0474233
14.3064	0.0474233	0.0464954
14.3463	0.0464954	0.0456835
14.3464	0.0456835	0.0449731
14.3465	0.0449731	0.0443514
14.3863	0.0443514	0.0488075
14.3864	0.0488075	0.0477066
14.3865	0.0477066	0.0467432
14.4264	0.0467432	0.0509003
14.4265	0.0509003	0.0495378
14.4266	0.0495378	0.0483456
14.4665	0.0483456	0.0523024
14.4665	0.0523024	0.0507646
14.4666	0.0507646	0.049419
14.4667	0.049419	0.0482416
14.5065	0.0482416	0.0472114
14.5066	0.0472114	0.04631
14.5067	0.04631	0.0455212
14.5068	0.0455212	0.0448311
14.5466	0.0448311	0.0442272
14.5467	0.0442272	0.0436988
14.5468	0.0436988	0.0432365
14.5469	0.0432365	0.0428319
14.5867	0.0428319	0.0474779
14.5868	0.0474779	0.0465432
14.5869	0.0465432	0.0457253
14.587	0.0457253	0.0450096
14.6268	0.0450096	0.0493834
14.6268	0.0493834	0.0482105
14.6269	0.0482105	0.0471842
14.627	0.0471842	0.0464111
14.6668	0.0464111	0.0506098
14.6669	0.0506098	0.0492835
14.667	0.0492835	0.0481231
14.6671	0.0481231	0.0472327
14.6672	0.0472327	0.0463286
14.7069	0.0463286	0.0455375
14.707	0.0455375	0.0448453
14.7071	0.0448453	0.0443647
14.7072	0.0443647	0.0438191
14.7073	0.0438191	0.0433417
14.747	0.0433417	0.043049
14.7471	0.043049	0.0427929
14.7472	0.0427929	0.0424438
14.7473	0.0424438	0.0421383
14.7474	0.0421383	0.041871
14.7871	0.041871	0.0466371
14.7871	0.0466371	0.0458075
14.7872	0.0458075	0.0450815
14.7873	0.0450815	0.0444464
14.7874	0.0444464	0.0438906
14.8271	0.0438906	0.0484042
14.8272	0.0484042	0.0473537
14.8273	0.0473537	0.0464345
14.8274	0.0464345	0.0456302
14.8275	0.0456302	0.0449264
14.8276	0.0449264	0.0443106
14.8672	0.0443106	0.0437718
14.8673	0.0437718	0.0433003
14.8674	0.0433003	0.0428878
14.8675	0.0428878	0.0425268
14.8676	0.0425268	0.0422109
14.8677	0.0422109	0.0419346
14.9073	0.0419346	0.0416928
14.9074	0.0416928	0.0414812
14.9075	0.0414812	0.041296
14.9076	0.041296	0.041134
14.9077	0.041134	0.0409923
14.9078	0.0409923	0.0408682
14.9474	0.0408682	0.0457597
14.9474	0.0457597	0.0450397
14.9475	0.0450397	0.0444098
14.9476	0.0444098	0.0438585
14.9477	0.0438585	0.0433762
14.9478	0.0433762	0.0429542
14.9874	0.0429542	0.0475849
14.9875	0.0475849	0.0466368
14.9876	0.0466368	0.0458072
14.9877	0.0458072	0.0450813
14.9878	0.0450813	0.0444461
14.9879	0.0444461	0.0438904
15.0275	0.0438904	0.0484041
15.0275	0.0484041	0.0473536
15.0276	0.0473536	0.0464344
15.0277	0.0464344	0.0456301
15.0278	0.0456301	0.0449263
15.0279	0.0449263	0.0443105
15.028	0.0443105	0.0438967
15.0676	0.0438967	0.0434096
15.0676	0.0434096	0.0429834
15.0677	0.0429834	0.0426105
15.0678	0.0426105	0.0422842
15.0679	0.0422842	0.0419987
15.068	0.0419987	0.0418738
15.0681	0.0418738	0.0416396
15.1077	0.0416396	0.0414346
15.1077	0.0414346	0.0412553
15.1078	0.0412553	0.0410984
15.1079	0.0410984	0.0409611
15.108	0.0409611	0.040966
15.1081	0.040966	0.0409702
15.1083	0.0409702	0.0408489
15.1881	0.0408489	0.0408678
15.1884	0.0408678	0.0407593
15.2279	0.0407593	0.0406644
15.2282	0.0406644	0.0405814
15.2285	0.0405814	0.0405087
15.268	0.0405087	0.0404451
15.2683	0.0404451	0.0405145
15.2686	0.0405145	0.0404502
15.308	0.0404502	0.0453939
15.3083	0.0453939	0.0448447
15.3086	0.0448447	0.0442391
15.3481	0.0442391	0.0487092
15.3484	0.0487092	0.0476205
15.3485	0.0476205	0.046668
15.3487	0.046668	0.0458345
15.3882	0.0458345	0.0451052
15.3885	0.0451052	0.044467
15.3886	0.044467	0.0439086
15.3888	0.0439086	0.0434201
15.4283	0.0434201	0.0429926
15.4286	0.0429926	0.0426185
15.4287	0.0426185	0.0422912
15.4289	0.0422912	0.0420048
15.4683	0.0420048	0.0467542
15.4686	0.0467542	0.0459099
15.4687	0.0459099	0.0451712
15.469	0.0451712	0.0445248
15.5084	0.0445248	0.0489592
15.5087	0.0489592	0.0478393
15.5088	0.0478393	0.0468594
15.509	0.0468594	0.0461269
15.5484	0.0461269	0.0503611
15.5485	0.0503611	0.0490659
15.5488	0.0490659	0.0479327
15.5489	0.0479327	0.0469411
15.5491	0.0469411	0.0460735
15.5885	0.0460735	0.0453143
15.5886	0.0453143	0.04465
15.5889	0.04465	0.0440687
15.589	0.0440687	0.0435602
15.5892	0.0435602	0.0431151
15.6286	0.0431151	0.0427257
15.6287	0.0427257	0.042385
15.629	0.042385	0.0422119
15.7092	0.0422119	0.0420604
15.7093	0.0420604	0.0418029
15.7493	0.0418029	0.0415775
15.7494	0.0415775	0.0413803
15.7893	0.0413803	0.0462078
15.7894	0.0462078	0.0454318
15.8294	0.0454318	0.0497528
15.8295	0.0497528	0.0485337
15.8694	0.0485337	0.052467
15.8695	0.052467	0.0509086
15.8696	0.0509086	0.0495451
15.9095	0.0495451	0.0483519
15.9096	0.0483519	0.0473079
15.9097	0.0473079	0.0463944
15.9496	0.0463944	0.0455951
15.9497	0.0455951	0.0448957
15.9498	0.0448957	0.0442838
15.9897	0.0442838	0.0487483
15.9898	0.0487483	0.0476548
15.9899	0.0476548	0.0466979
16.0297	0.0466979	0.0508607
16.0298	0.0508607	0.0495031
16.0299	0.0495031	0.0483152
16.0698	0.0483152	0.0522758
16.0699	0.0522758	0.0507413
16.07	0.0507413	0.0493987
16.0701	0.0493987	0.0483488
16.1099	0.0483488	0.0473052
16.11	0.0473052	0.0463921
16.1101	0.0463921	0.0457181
16.1102	0.0457181	0.0450033
16.15	0.0450033	0.0443779
16.1501	0.0443779	0.0439557
16.1502	0.0439557	0.0434612
16.1503	0.0434612	0.0430285
16.19	0.0430285	0.04765
16.1901	0.04765	0.0468187
16.1902	0.0468187	0.0459664
16.1903	0.0459664	0.0452206
16.2301	0.0452206	0.049568
16.2302	0.049568	0.048372
16.2303	0.048372	0.0473255
16.2304	0.0473255	0.0464098
16.2305	0.0464098	0.0456086
16.2702	0.0456086	0.0449075
16.2703	0.0449075	0.0442941
16.2704	0.0442941	0.0437573
16.2705	0.0437573	0.0432877
16.2706	0.0432877	0.0428767
16.3103	0.0428767	0.0425171
16.3104	0.0425171	0.0422025
16.3105	0.0422025	0.0419272
16.3106	0.0419272	0.0416863
16.3107	0.0416863	0.0414755
16.3504	0.0414755	0.041291
16.3505	0.041291	0.0411297
16.3506	0.0411297	0.0409885
16.3507	0.0409885	0.0408649
16.3508	0.0408649	0.0407568
16.3904	0.0407568	0.0456622
16.3905	0.0456622	0.0449544
16.3906	0.0449544	0.0443351
16.3907	0.0443351	0.0437932
16.3908	0.0437932	0.0433191
16.4305	0.0433191	0.0479042
16.4306	0.0479042	0.0469162
16.4307	0.0469162	0.0460516
16.4308	0.0460516	0.0452952
16.4309	0.0452952	0.0446333
16.431	0.0446333	0.0440541
16.4706	0.0440541	0.0435474
16.4707	0.0435474	0.0431039
16.4708	0.0431039	0.0427159
16.4709	0.0427159	0.0423765
16.471	0.0423765	0.0420794
16.4711	0.0420794	0.0419445
16.5107	0.0419445	0.0417014
16.5108	0.0417014	0.0414887
16.5109	0.0414887	0.0413026
16.511	0.0413026	0.0411398
16.5111	0.0411398	0.0411223
16.5112	0.0411223	0.041107
16.5507	0.041107	0.0458437
16.5508	0.0458437	0.0451132
16.5509	0.0451132	0.0444741
16.551	0.0444741	0.0440398
16.5511	0.0440398	0.0436598
16.5512	0.0436598	0.0432023
16.5908	0.0432023	0.047677
16.5909	0.047677	0.0467174
16.591	0.0467174	0.0458777
16.5911	0.0458777	0.045268
16.5912	0.045268	0.0446095
16.5913	0.0446095	0.0440333
16.5914	0.0440333	0.0435292
16.6309	0.0435292	0.043088
16.631	0.043088	0.042702
16.6311	0.042702	0.0424893
16.6312	0.0424893	0.0421781
16.6313	0.0421781	0.0419058
16.6314	0.0419058	0.0416676
16.7114	0.0416676	0.0414592
16.7116	0.0414592	0.0412768
16.7511	0.0412768	0.0412422
16.7515	0.0412422	0.0410869
16.7517	0.0410869	0.040951
16.7912	0.040951	0.0408322
16.7916	0.0408322	0.0407281
16.7918	0.0407281	0.0406371
16.8313	0.0406371	0.0405575
16.8316	0.0405575	0.0404878
16.8318	0.0404878	0.0404268
16.8713	0.0404268	0.0453735
16.8717	0.0453735	0.0447018
16.8719	0.0447018	0.0441141
16.9114	0.0441141	0.0485998
16.9117	0.0485998	0.0475248
16.9118	0.0475248	0.0465842
16.912	0.0465842	0.0457612
16.9515	0.0457612	0.045041
16.9518	0.045041	0.0444109
16.9519	0.0444109	0.0438595
16.9521	0.0438595	0.0435021
16.9916	0.0435021	0.0430643
16.9919	0.0430643	0.0426813
16.992	0.0426813	0.0424711
16.9922	0.0424711	0.0421622
17.0316	0.0421622	0.046767
17.032	0.046767	0.0459211
17.0321	0.0459211	0.045306
17.0322	0.045306	0.0446427
17.0717	0.0446427	0.0489374
17.072	0.0489374	0.0479452
17.0721	0.0479452	0.047077
17.0723	0.047077	0.0461924
17.1117	0.0461924	0.0502934
17.1118	0.0502934	0.0490067
17.1121	0.0490067	0.0478809
17.1122	0.0478809	0.0468957
17.1124	0.0468957	0.0460338
17.1518	0.0460338	0.0452796
17.1519	0.0452796	0.0446196
17.1522	0.0446196	0.0440422
17.1524	0.0440422	0.0435369
17.2326	0.0435369	0.0430948
17.272	0.0430948	0.0475829
17.2727	0.0475829	0.0466351
17.3121	0.0466351	0.0459307
17.3127	0.0459307	0.0453143
17.3521	0.0453143	0.0496501
17.3528	0.0496501	0.0484438
17.3922	0.0484438	0.0523883
17.3928	0.0523883	0.0508398
17.3929	0.0508398	0.0494848
17.4323	0.0494848	0.0482992
17.4329	0.0482992	0.0472618
17.433	0.0472618	0.0464791
17.4724	0.0464791	0.0456692
17.473	0.0456692	0.0450855
17.4731	0.0450855	0.0444498
17.5125	0.0444498	0.0438936
17.5131	0.0438936	0.0435319
17.5132	0.0435319	0.0430904
17.5525	0.0430904	0.0475791
17.5531	0.0475791	0.0467567
17.5532	0.0467567	0.0459121
17.5926	0.0459121	0.0500481
17.5932	0.0500481	0.0489171
17.5933	0.0489171	0.0478025
17.5934	0.0478025	0.0468272
17.6327	0.0468272	0.0459738
17.6333	0.0459738	0.045227
17.6334	0.045227	0.0445737
17.6335	0.0445737	0.044002
17.6728	0.044002	0.0435017
17.6734	0.0435017	0.043064
17.6735	0.043064	0.042681
17.6736	0.042681	0.0423459
17.7128	0.0423459	0.0469276
17.7134	0.0469276	0.0461867
17.7135	0.0461867	0.0454133
17.7136	0.0454133	0.0447367
17.7529	0.0447367	0.0490196
17.7535	0.0490196	0.0480171
17.7536	0.0480171	0.047015
17.7537	0.047015	0.0461381
17.7929	0.0461381	0.0502459
17.793	0.0502459	0.0490901
17.7936	0.0490901	0.0479539
17.7937	0.0479539	0.0469596
17.7938	0.0469596	0.0460897
17.833	0.0460897	0.0454535
17.8331	0.0454535	0.0447718
17.8337	0.0447718	0.0441753
17.8338	0.0441753	0.0436534
17.8339	0.0436534	0.0431967
17.8731	0.0431967	0.0427971
17.8732	0.0427971	0.0424475
17.8738	0.0424475	0.0421416
17.8739	0.0421416	0.0418739
17.8739	0.0418739	0.0416396
17.9132	0.0416396	0.0464347
17.9133	0.0464347	0.0456303
17.9138	0.0456303	0.0449265
17.9139	0.0449265	0.0443107
17.914	0.0443107	0.0438969
17.9532	0.0438969	0.0484098
17.9533	0.0484098	0.0473586
17.9539	0.0473586	0.0464387
17.954	0.0464387	0.0456339
17.9541	0.0456339	0.0450547
17.9541	0.0450547	0.0444228
17.9933	0.0444228	0.04387
17.9934	0.04387	0.0433862
17.994	0.0433862	0.0429629
17.9941	0.0429629	0.0427176
17.9942	0.0427176	0.0423779
17.9942	0.0423779	0.0420806
18.0334	0.0420806	0.0418206
18.0335	0.0418206	0.041593
18.0341	0.041593	0.0415189
18.0342	0.0415189	0.041329
18.0343	0.041329	0.0411629
18.0343	0.0411629	0.0410175
18.0735	0.0410175	0.0457653
18.1536	0.0457653	0.0499197
18.1537	0.0499197	0.0486797
18.1937	0.0486797	0.0524697
18.1938	0.0524697	0.050911
18.1939	0.050911	0.0495471
18.2338	0.0495471	0.0483538
18.2339	0.0483538	0.0473095
18.5143	0.0473095	0.0463958
18.5544	0.0463958	0.0455964
18.5945	0.0455964	0.0448968
18.6345	0.0448968	0.0492847
18.6746	0.0492847	0.0531241
18.7146	0.0531241	0.0564836
18.7147	0.0564836	0.0544232
18.7547	0.0544232	0.0526203
18.7548	0.0526203	0.0510427
18.7948	0.0510427	0.0496624
18.7949	0.0496624	0.0484546
18.8349	0.0484546	0.0473978
18.835	0.0473978	0.046473
18.875	0.046473	0.0506639
18.8751	0.0506639	0.0494559
18.915	0.0494559	0.0533989
18.9151	0.0533989	0.0518491
18.9152	0.0518491	0.0503679
18.9551	0.0503679	0.0490719
18.9552	0.0490719	0.0479379
18.9553	0.0479379	0.0469457
18.9952	0.0469457	0.0460775
18.9953	0.0460775	0.0453178
18.9954	0.0453178	0.0446531
19.0353	0.0446531	0.0490714
19.0354	0.0490714	0.0479375
19.0354	0.0479375	0.0469453
19.0753	0.0469453	0.0510772
19.0754	0.0510772	0.0496925
19.0755	0.0496925	0.0484809
19.1154	0.0484809	0.0524208
19.1155	0.0524208	0.0508682
19.1155	0.0508682	0.0495097
19.1156	0.0495097	0.048321
19.1555	0.048321	0.0472809
19.1556	0.0472809	0.0463708
19.1556	0.0463708	0.0455744
19.1557	0.0455744	0.0448776
19.1956	0.0448776	0.0442679
19.1957	0.0442679	0.0437344
19.1957	0.0437344	0.0432676
19.1958	0.0432676	0.0428592
19.2356	0.0428592	0.0475018
19.2357	0.0475018	0.046564
19.2358	0.046564	0.0457435
19.2359	0.0457435	0.0450256
19.2757	0.0450256	0.0493974
19.2758	0.0493974	0.0482227
19.2758	0.0482227	0.0471949
19.2759	0.0471949	0.0462955
19.3157	0.0462955	0.0505086
19.3158	0.0505086	0.049195
19.3159	0.049195	0.0480456
19.316	0.0480456	0.0470399
19.3161	0.0470399	0.0462849
19.3558	0.0462849	0.0454993
19.3559	0.0454993	0.0448119
19.356	0.0448119	0.0443354
19.3561	0.0443354	0.0439185
19.3562	0.0439185	0.0434287
19.3959	0.0434287	0.0430001
19.396	0.0430001	0.0427501
19.3961	0.0427501	0.0424063
19.3962	0.0424063	0.0421055
19.3963	0.0421055	0.0418423
19.436	0.0418423	0.046487
19.4361	0.046487	0.0458012
19.4362	0.0458012	0.045076
19.4362	0.045076	0.0444415
19.4363	0.0444415	0.0438863
19.476	0.0438863	0.0484005
19.4761	0.0484005	0.0474755
19.4762	0.0474755	0.046541
19.4763	0.046541	0.0457234
19.4764	0.0457234	0.045008
19.4765	0.045008	0.044382
19.5161	0.044382	0.0438342
19.5162	0.0438342	0.043355
19.5163	0.043355	0.0429356
19.5164	0.0429356	0.0425686
19.5165	0.0425686	0.0422476
19.5166	0.0422476	0.0419666
19.5562	0.0419666	0.0417208
19.5563	0.0417208	0.0415057
19.5564	0.0415057	0.0413175
19.5565	0.0413175	0.0411528
19.5566	0.0411528	0.0410087
19.5567	0.0410087	0.0408826
19.5963	0.0408826	0.0457723
19.5964	0.0457723	0.0450507
19.5965	0.0450507	0.0444194
19.5965	0.0444194	0.043867
19.5966	0.043867	0.0433836
19.5967	0.0433836	0.0429607
19.6363	0.0429607	0.0475906
19.6364	0.0475906	0.0466417
19.6365	0.0466417	0.0458115
19.6366	0.0458115	0.0450851
19.6367	0.0450851	0.0444495
19.6368	0.0444495	0.0438933
19.6764	0.0438933	0.0484066
19.6765	0.0484066	0.0473558
19.6766	0.0473558	0.0464363
19.6766	0.0464363	0.0456318
19.6767	0.0456318	0.0449278
19.6768	0.0449278	0.0443118
19.6769	0.0443118	0.0437728
19.7165	0.0437728	0.0433012
19.7166	0.0433012	0.0428886
19.7167	0.0428886	0.0425275
19.7167	0.0425275	0.0422116
19.7168	0.0422116	0.0419351
19.7169	0.0419351	0.0416932
19.717	0.0416932	0.0416066
19.7566	0.0416066	0.0414058
19.7567	0.0414058	0.04123
19.7568	0.04123	0.0410763
19.7568	0.0410763	0.0409417
19.7569	0.0409417	0.040824
19.757	0.040824	0.040846
19.7571	0.040846	0.0408653
19.7966	0.0408653	0.0456321
19.7967	0.0456321	0.0449281
19.7968	0.0449281	0.0443121
19.7969	0.0443121	0.0437731
19.797	0.0437731	0.0433014
19.7971	0.0433014	0.0430138
19.7972	0.0430138	0.042637
19.8367	0.042637	0.0471824
19.8772	0.0471824	0.0462846
19.9168	0.0462846	0.045499
19.9169	0.045499	0.0448117
19.9173	0.0448117	0.0443352
19.9569	0.0443352	0.0486683
19.957	0.0486683	0.0475848
19.9573	0.0475848	0.0467617
19.9969	0.0467617	0.0507915
19.997	0.0507915	0.0495675
19.9974	0.0495675	0.0484966
19.9975	0.0484966	0.0474345
