1.01321	0	0.013
1.03502	0.013	0.014125
1.07106	0.014125	0.0196094
1.10882	0.0196094	0.0290332
1.13525	0.0290332	0.0406541
1.18812	0.0406541	0.0574473
1.19001	0.0574473	0.0723914
1.24287	0.0723914	0.0892175
1.28346	0.0892175	0.104565
1.33636	0.104565	0.119995
1.84892	0.119995	0.11937
1.89895	0.11937	0.118324
1.94521	0.118324	0.123034
1.95937	0.123034	0.122154
1.98863	0.122154	0.124385
2.0094	0.124385	0.122712
2.08114	0.122712	0.124373
2.08303	0.124373	0.124326
2.14156	0.124326	0.127911
2.18593	0.127911	0.133922
2.19159	0.133922	0.130931
2.24257	0.130931	0.13444
2.25106	0.13444	0.138635
2.30393	0.138635	0.141556
2.34735	0.141556	0.144111
2.39266	0.144111	0.151222
2.4257	0.151222	0.155195
2.42759	0.155195	0.157795
2.47573	0.157795	0.159571
2.51066	0.159571	0.159999
2.55692	0.159999	0.1605
2.59845	0.1605	0.162062
2.60034	0.162062	0.163429
2.63999	0.163429	0.163501
2.68247	0.163501	0.164563
2.72023	0.164563	0.164493
2.72212	0.164493	0.159431
2.76365	0.159431	0.159877
2.80141	0.159877	0.160143
2.84673	0.160143	0.160625
2.88732	0.160625	0.161422
2.88921	0.161422	0.162119
2.93357	0.162119	0.163104
3.22433	0.163104	0.162466
3.26586	0.162466	0.156033
3.33477	0.156033	0.150279
3.41124	0.150279	0.149744
3.44428	0.149744	0.153401
3.51036	0.153401	0.156226
3.5349	0.156226	0.152073
3.60381	0.152073	0.152938
3.63497	0.152938	0.149321
3.6378	0.149321	0.143531
3.70388	0.143531	0.13809
3.73975	0.13809	0.133953
3.74258	0.133953	0.130334
3.80677	0.130334	0.126917
3.84453	0.126917	0.124178
3.84737	0.124178	0.121781
3.91722	0.121781	0.120433
3.95404	0.120433	0.123879
3.97103	0.123879	0.124269
4.02673	0.124269	0.13111
4.06826	0.13111	0.133597
4.08997	0.133597	0.133772
4.13623	0.133772	0.137676
4.17777	0.137676	0.139341
4.17965	0.139341	0.135798
4.22308	0.135798	0.135574
4.24668	0.135574	0.132377
4.28821	0.132377	0.129705
4.3373	0.129705	0.133242
4.33919	0.133242	0.131086
4.37317	0.131086	0.130576
4.41849	0.130576	0.130504
4.44869	0.130504	0.128066
4.49873	0.128066	0.131933
4.50061	0.131933	0.135566
4.54876	0.135566	0.140495
4.59973	0.140495	0.145558
4.64882	0.145558	0.152364
4.69791	0.152364	0.158193
4.6998	0.158193	0.163294
4.75266	0.163294	0.168382
4.80364	0.168382	0.172834
4.85556	0.172834	0.177105
4.89709	0.177105	0.179967
4.89898	0.179967	0.182346
4.95468	0.182346	0.184803
4.99621	0.184803	0.185827
5.04436	0.185827	0.186224
5.04813	0.186224	0.181821
5.08873	0.181821	0.182843
5.14065	0.182843	0.183238
5.18596	0.183238	0.183958
5.23693	0.183958	0.184963
5.23882	0.184963	0.185593
5.59754	0.185593	0.188019
5.59943	0.188019	0.178392
5.70799	0.178392	0.169843
5.74858	0.169843	0.167237
5.81749	0.167237	0.173583
5.85809	0.173583	0.17076
5.927	0.17076	0.171665
5.97137	0.171665	0.169457
6.03745	0.169457	0.17065
6.03933	0.17065	0.163443
6.08181	0.163443	0.156763
6.14317	0.156763	0.150418
6.14506	0.150418	0.144865
6.18471	0.144865	0.139632
6.25079	0.139632	0.135553
6.25268	0.135553	0.131984
6.29044	0.131984	0.128736
6.36029	0.128736	0.134644
6.36218	0.134644	0.131814
6.39994	0.131814	0.133712
6.47074	0.133712	0.139498
6.47263	0.139498	0.136061
6.50945	0.136061	0.137428
6.58119	0.137428	0.143
6.58308	0.143	0.13925
6.61801	0.13925	0.140093
6.65954	0.140093	0.141332
6.69164	0.141332	0.137415
6.72845	0.137415	0.138363
6.73034	0.138363	0.135068
6.77093	0.135068	0.132059
6.81436	0.132059	0.130927
6.8389	0.130927	0.128311
6.88044	0.128311	0.131022
6.88233	0.131022	0.133644
6.92669	0.133644	0.136439
6.97389	0.136439	0.139259
7.01826	0.139259	0.144352
7.07113	0.144352	0.150183
7.0749	0.150183	0.15541
7.12021	0.15541	0.160234
7.16269	0.160234	0.163829
7.2014	0.163829	0.166226
7.25049	0.166226	0.167823
7.25237	0.167823	0.169095
7.29957	0.169095	0.170333
7.34583	0.170333	0.171916
7.39397	0.171916	0.174427
7.39586	0.174427	0.170748
7.44212	0.170748	0.173155
7.49309	0.173155	0.17576
7.54029	0.17576	0.178165
7.58277	0.178165	0.17952
7.58749	0.17952	0.18108
7.63281	0.18108	0.182195
7.94527	0.182195	0.179795
7.98869	0.179795	0.171196
8.05572	0.171196	0.163547
8.1454	0.163547	0.162728
8.16522	0.162728	0.164512
8.2549	0.164512	0.168823
8.29266	0.168823	0.166095
8.36441	0.166095	0.170208
8.40217	0.170208	0.167432
8.43993	0.167432	0.164878
8.47485	0.164878	0.158018
8.51261	0.158018	0.152016
8.55226	0.152016	0.147139
8.5853	0.147139	0.142622
8.62306	0.142622	0.138669
8.66177	0.138669	0.13496
8.68914	0.13496	0.13109
8.72501	0.13109	0.132204
8.76183	0.132204	0.132929
8.79676	0.132929	0.133187
8.8298	0.133187	0.134039
8.8685	0.134039	0.135159
8.90532	0.135159	0.136264
8.9393	0.136264	0.137106
8.94119	0.137106	0.133968
8.97989	0.133968	0.131097
9.01671	0.131097	0.128585
9.04975	0.128585	0.126262
9.07241	0.126262	0.126854
9.09034	0.126854	0.124872
9.17247	0.124872	0.128763
9.17719	0.128763	0.128668
9.21778	0.128668	0.130709
9.24988	0.130709	0.134246
9.30935	0.134246	0.14484
9.35561	0.14484	0.14961
9.35749	0.14961	0.153409
9.40847	0.153409	0.158108
9.45945	0.158108	0.164594
9.50853	0.164594	0.168895
9.55951	0.168895	0.173283
9.5614	0.173283	0.177123
9.59916	0.177123	0.178857
9.64636	0.178857	0.179875
9.68506	0.179875	0.179516
9.68695	0.179516	0.172951
9.73604	0.172951	0.173207
9.78324	0.173207	0.174556
9.82383	0.174556	0.174862
9.87764	0.174862	0.177004
9.87953	0.177004	0.179004
9.92861	0.179004	0.180628
9.97015	0.180628	0.181425
10.0136	0.181425	0.182497
10.0155	0.182497	0.176935
10.0617	0.176935	0.177818
10.1089	0.177818	0.184215
10.158	0.184215	0.189939
10.2043	0.189939	0.195446
10.2062	0.195446	0.19514
10.2524	0.19514	0.200373
10.7084	0.200373	0.189201
10.7584	0.189201	0.185551
10.8179	0.185551	0.183732
10.8679	0.183732	0.180641
10.9283	0.180641	0.179311
10.9774	0.179311	0.176897
11.0406	0.176897	0.17641
11.0425	0.17641	0.168608
11.0897	0.168608	0.161532
11.152	0.161532	0.155341
11.1719	0.155341	0.152048
11.2002	0.152048	0.146917
11.2625	0.146917	0.142303
11.2955	0.142303	0.140015
11.3097	0.140015	0.139763
11.372	0.139763	0.143668
11.405	0.143668	0.143584
11.4201	0.143584	0.141261
11.4815	0.141261	0.145103
11.5155	0.145103	0.144966
11.5419	0.144966	0.143845
11.591	0.143845	0.147114
11.5929	0.147114	0.1426
11.6382	0.1426	0.14015
11.6524	0.14015	0.136506
11.7014	0.136506	0.133318
11.7364	0.133318	0.134653
11.7486	0.134653	0.131572
11.8261	0.131572	0.136875
11.8279	0.136875	0.135516
11.8714	0.135516	0.135451
11.9091	0.135451	0.140145
11.9497	0.140145	0.147752
11.9931	0.147752	0.150158
12.0007	0.150158	0.153013
12.0498	0.153013	0.156136
12.0923	0.156136	0.159494
12.1319	0.159494	0.162308
12.1791	0.162308	0.165269
12.1829	0.165269	0.16736
12.2169	0.16736	0.167315
12.2575	0.167315	0.167026
12.2952	0.167026	0.166648
12.2971	0.166648	0.160567
12.3377	0.160567	0.159871
12.3858	0.159871	0.161012
12.4274	0.161012	0.162136
12.4774	0.162136	0.164619
12.4793	0.164619	0.166791
12.5227	0.166791	0.169067
12.5624	0.169067	0.170059
12.6086	0.170059	0.171427
12.6134	0.171427	0.173248
12.6577	0.173248	0.174092
12.7059	0.174092	0.180581
12.7521	0.180581	0.186758
12.7955	0.186758	0.192538
12.7993	0.192538	0.192346
12.8484	0.192346	0.197678
13.3015	0.197678	0.186843
13.3497	0.186843	0.183113
13.411	0.183113	0.181599
13.4592	0.181599	0.178649
13.5205	0.178649	0.177693
13.5687	0.177693	0.175106
13.63	0.175106	0.174593
13.6319	0.174593	0.166644
13.6791	0.166644	0.159688
13.7405	0.159688	0.153477
13.7613	0.153477	0.150543
13.7867	0.150543	0.1451
13.8509	0.1451	0.140712
13.8717	0.140712	0.136873
13.8962	0.136873	0.136639
13.9604	0.136639	0.141309
13.9859	0.141309	0.140521
14.0284	0.140521	0.14258
14.0699	0.14258	0.146383
14.1049	0.146383	0.146085
14.1464	0.146085	0.147949
14.1813	0.147949	0.148581
14.2172	0.148581	0.148508
14.2191	0.148508	0.14432
14.2597	0.14432	0.140405
14.3003	0.140405	0.137729
14.3277	0.137729	0.134263
14.3711	0.134263	0.13648
14.373	0.13648	0.133545
14.4154	0.133545	0.131227
14.4645	0.131227	0.131949
14.5098	0.131949	0.138205
14.5665	0.138205	0.145304
14.5684	0.145304	0.151641
14.6118	0.151641	0.157186
14.6514	0.157186	0.160913
14.6902	0.160913	0.163424
14.7289	0.163424	0.163246
14.7326	0.163246	0.16334
14.7713	0.16334	0.162923
14.8138	0.162923	0.162807
14.8572	0.162807	0.163331
14.8591	0.163331	0.15929
14.9026	0.15929	0.160629
14.9441	0.160629	0.162175
14.9941	0.162175	0.164528
