1.01256	0	0.012
1.02773	0.012	0.012375
1.04284	0.012375	0.0145781
1.05794	0.0145781	0.0183809
1.07305	0.0183809	0.0237083
1.08815	0.0237083	0.0302447
1.10325	0.0302447	0.0378391
1.11836	0.0378391	0.0444842
1.12308	0.0444842	0.0490487
1.14668	0.0490487	0.0540426
1.17122	0.0540426	0.0615373
1.17594	0.0615373	0.0665951
1.1986	0.0665951	0.0720207
1.21653	0.0720207	0.0790181
1.21842	0.0790181	0.0835159
1.23825	0.0835159	0.0880764
1.25524	0.0880764	0.0941918
1.27506	0.0941918	0.101418
1.29205	0.101418	0.106991
1.29394	0.106991	0.111992
1.31377	0.111992	0.115743
1.33076	0.115743	0.12065
1.35058	0.12065	0.127444
1.36757	0.127444	0.132638
1.36946	0.132638	0.135183
1.39117	0.135183	0.140161
1.78954	0.140161	0.136515
1.80842	0.136515	0.135576
1.8273	0.135576	0.134754
1.84429	0.134754	0.134035
1.89716	0.134035	0.13753
1.91793	0.13753	0.136339
1.94908	0.136339	0.134547
1.9925	0.134547	0.136228
2.00855	0.136228	0.133075
2.03404	0.133075	0.131065
2.03687	0.131065	0.125557
2.07369	0.125557	0.119988
2.08973	0.119988	0.115114
2.11711	0.115114	0.1111
2.12089	0.1111	0.107712
2.1577	0.107712	0.104748
2.17375	0.104748	0.102155
2.20113	0.102155	0.0998855
2.2049	0.0998855	0.0978998
2.24266	0.0978998	0.0962873
2.26154	0.0962873	0.0972514
2.28892	0.0972514	0.09947
2.29175	0.09947	0.0982862
2.33045	0.0982862	0.10175
2.3465	0.10175	0.102032
2.37482	0.102032	0.103403
2.37765	0.103403	0.101602
2.41164	0.101602	0.103902
2.42485	0.103902	0.102664
2.42674	0.102664	0.0998313
2.45223	0.0998313	0.0971024
2.45601	0.0971024	0.0948396
2.49943	0.0948396	0.0939846
2.51642	0.0939846	0.0937365
2.51831	0.0937365	0.0935195
2.54663	0.0935195	0.0935795
2.55041	0.0935795	0.0936321
2.59477	0.0936321	0.0938031
2.61082	0.0938031	0.0938277
2.61271	0.0938277	0.0938492
2.64292	0.0938492	0.0941181
2.64575	0.0941181	0.0947283
2.69389	0.0947283	0.100762
2.71046	0.100762	0.102667
2.71235	0.102667	0.102584
2.74067	0.102584	0.105761
2.74256	0.105761	0.105041
2.7907	0.105041	0.110036
2.80539	0.110036	0.110281
2.80727	0.110281	0.108621
2.82993	0.108621	0.109668
2.83182	0.109668	0.107335
2.87241	0.107335	0.110168
2.87524	0.110168	0.107022
2.89035	0.107022	0.104269
2.89223	0.104269	0.101861
2.91489	0.101861	0.099753
2.91772	0.099753	0.0980339
2.96188	0.0980339	0.0969046
2.96472	0.0969046	0.0959165
2.98265	0.0959165	0.095427
2.98454	0.095427	0.0949986
3.0072	0.0949986	0.0947488
3.01003	0.0947488	0.0945302
3.06631	0.0945302	0.0958389
3.06914	0.0958389	0.096984
3.08897	0.096984	0.100361
3.09274	0.100361	0.101566
3.1154	0.101566	0.105245
3.11729	0.105245	0.10584
3.17393	0.10584	0.112985
3.17676	0.112985	0.112612
3.19375	0.112612	0.114035
3.19753	0.114035	0.113406
3.22018	0.113406	0.11523
3.22207	0.11523	0.114201
3.27965	0.114201	0.120176
3.28249	0.120176	0.118779
3.29948	0.118779	0.119307
3.30325	0.119307	0.118143
3.30609	0.118143	0.117
3.33063	0.117	0.116125
3.33441	0.116125	0.11561
3.3901	0.11561	0.115033
3.39954	0.115033	0.115279
3.40993	0.115279	0.114619
3.42409	0.114619	0.115417
3.42597	0.115417	0.115865
3.44108	0.115865	0.115257
3.45996	0.115257	0.116475
3.50055	0.116475	0.115665
3.52226	0.115665	0.116582
3.52415	0.116582	0.116384
3.53831	0.116384	0.116086
3.55247	0.116086	0.117451
3.56852	0.117451	0.120644
3.58079	0.120644	0.122939
3.61005	0.122939	0.126446
3.63177	0.126446	0.127016
3.63365	0.127016	0.125014
3.64781	0.125014	0.124762
3.66386	0.124762	0.124792
3.67802	0.124792	0.124943
3.69407	0.124943	0.125075
3.71956	0.125075	0.126816
3.74127	0.126816	0.127339
3.74316	0.127339	0.125421
3.75732	0.125421	0.125244
3.77337	0.125244	0.125338
3.78753	0.125338	0.125171
3.80357	0.125171	0.12515
3.82434	0.12515	0.125756
3.83001	0.125756	0.123911
3.85172	0.123911	0.122172
3.86399	0.122172	0.121901
3.86777	0.121901	0.120413
3.88381	0.120413	0.119112
3.89797	0.119112	0.117973
3.91308	0.117973	0.116976
3.93385	0.116976	0.115979
3.93857	0.115979	0.114982
3.96028	0.114982	0.114234
3.97349	0.114234	0.113705
3.97633	0.113705	0.113117
3.99237	0.113117	0.112602
4.00748	0.112602	0.112277
4.01975	0.112277	0.111492
4.04241	0.111492	0.111181
4.04618	0.111181	0.110783
4.07073	0.110783	0.113435
4.083	0.113435	0.114506
4.08961	0.114506	0.114693
4.10188	0.114693	0.115981
4.11698	0.115981	0.116983
4.12925	0.116983	0.11761
4.15191	0.11761	0.119409
4.15663	0.119409	0.118733
4.18023	0.118733	0.120641
4.19156	0.120641	0.120686
4.20194	0.120686	0.120475
4.21233	0.120475	0.120791
4.22837	0.120791	0.121567
4.2397	0.121567	0.121746
4.26141	0.121746	0.123028
4.26802	0.123028	0.122274
4.29068	0.122274	0.12374
4.30106	0.12374	0.123398
4.31333	0.123398	0.123223
4.33033	0.123223	0.123945
4.34449	0.123945	0.124952
4.34637	0.124952	0.124083
4.36053	0.124083	0.123698
4.37847	0.123698	0.12286
4.39357	0.12286	0.123128
4.40207	0.123128	0.121737
4.43228	0.121737	0.122895
4.43417	0.122895	0.122658
4.45021	0.122658	0.122326
4.46154	0.122326	0.12166
4.47948	0.12166	0.123077
4.49458	0.123077	0.124443
4.49647	0.124443	0.123637
4.51535	0.123637	0.123433
4.5314	0.123433	0.124129
4.54273	0.124129	0.122363
4.56066	0.122363	0.122817
4.56255	0.122817	0.123465
4.57577	0.123465	0.123657
4.59559	0.123657	0.12495
4.60975	0.12495	0.125581
4.62769	0.125581	0.126508
4.62957	0.126508	0.12732
4.6494	0.12732	0.128155
4.66639	0.128155	0.129011
4.68055	0.129011	0.130134
4.69377	0.130134	0.130492
4.69754	0.130492	0.131056
4.71076	0.131056	0.131549
4.72586	0.131549	0.131355
4.74002	0.131355	0.131311
4.74474	0.131311	0.129522
4.75985	0.129522	0.129582
4.77684	0.129582	0.129259
4.791	0.129259	0.128602
4.80799	0.128602	0.128401
4.80988	0.128401	0.126851
4.82215	0.126851	0.12662
4.8382	0.12662	0.126792
4.8533	0.126792	0.126943
4.85519	0.126943	0.12545
4.87218	0.12545	0.125769
4.88917	0.125769	0.126298
4.90428	0.126298	0.126511
4.92127	0.126511	0.127072
4.92316	0.127072	0.125688
4.93921	0.125688	0.126227
4.95431	0.126227	0.126949
4.97413	0.126949	0.12808
4.98546	0.12808	0.12857
4.98735	0.12857	0.128999
5.00623	0.128999	0.129624
5.01756	0.129624	0.129421
5.03738	0.129421	0.129868
5.03927	0.129868	0.128385
5.05154	0.128385	0.128337
5.07137	0.128337	0.128795
5.08741	0.128795	0.12932
5.10535	0.12932	0.12953
5.10724	0.12953	0.129964
5.12612	0.129964	0.131343
5.14122	0.131343	0.134176
5.15821	0.134176	0.136404
5.17237	0.136404	0.138728
5.17615	0.138728	0.138762
5.19692	0.138762	0.141042
5.2158	0.141042	0.143912
5.2309	0.143912	0.145798
5.23468	0.145798	0.145948
5.25073	0.145948	0.145829
5.42537	0.145829	0.143601
5.45841	0.143601	0.141276
5.48389	0.141276	0.138116
5.49711	0.138116	0.134602
5.5141	0.134602	0.131901
5.54809	0.131901	0.130789
5.57357	0.130789	0.128815
5.58773	0.128815	0.125713
5.58962	0.125713	0.121499
5.60756	0.121499	0.117937
5.64249	0.117937	0.114945
5.67081	0.114945	0.112702
5.68402	0.112702	0.110739
5.68591	0.110739	0.108897
5.70479	0.108897	0.107409
5.74255	0.107409	0.106483
5.77181	0.106483	0.105798
5.78692	0.105798	0.105323
5.78881	0.105323	0.105033
5.80957	0.105033	0.105029
5.84545	0.105029	0.109525
5.87565	0.109525	0.112459
5.88887	0.112459	0.113027
5.89076	0.113027	0.111899
5.90964	0.111899	0.113036
5.94551	0.113036	0.115907
5.97572	0.115907	0.117668
5.99082	0.117668	0.117335
5.99271	0.117335	0.115668
6.01253	0.115668	0.11646
6.05218	0.11646	0.119777
6.08239	0.119777	0.12193
6.08711	0.12193	0.120689
6.10127	0.120689	0.119478
6.10316	0.119478	0.118418
6.12204	0.118418	0.117366
6.16263	0.117366	0.116445
6.19284	0.116445	0.115639
6.21172	0.115639	0.116684
6.21361	0.116684	0.116099
6.22871	0.116099	0.117212
6.23721	0.117212	0.116935
6.27308	0.116935	0.116193
6.30329	0.116193	0.115544
6.32217	0.115544	0.114976
6.33538	0.114976	0.116104
6.33821	0.116104	0.117216
6.35237	0.117216	0.118064
6.38258	0.118064	0.121431
6.41279	0.121431	0.123627
6.43167	0.123627	0.124174
6.44489	0.124174	0.123902
6.46565	0.123902	0.124664
6.47981	0.124664	0.126706
6.49869	0.126706	0.129118
6.52229	0.129118	0.130478
6.54117	0.130478	0.130293
6.55911	0.130293	0.130007
6.57516	0.130007	0.130131
6.59026	0.130131	0.12949
6.60725	0.12949	0.129303
6.60914	0.129303	0.127015
6.63274	0.127015	0.124889
6.65162	0.124889	0.123027
6.66956	0.123027	0.121399
6.68561	0.121399	0.119974
6.71865	0.119974	0.120977
6.72053	0.120977	0.11998
6.74225	0.11998	0.121608
6.75641	0.121608	0.121907
6.76207	0.121907	0.120543
6.78001	0.120543	0.11935
6.79605	0.11935	0.118307
6.83004	0.118307	0.117518
6.84137	0.117518	0.118204
6.85269	0.118204	0.119928
6.86591	0.119928	0.120312
6.87157	0.120312	0.119648
6.88951	0.119648	0.120567
6.90556	0.120567	0.121121
6.9386	0.121121	0.123731
6.95087	0.123731	0.123265
6.96031	0.123265	0.122732
6.97447	0.122732	0.12264
6.97919	0.12264	0.12156
6.99713	0.12156	0.122115
7.01223	0.122115	0.122226
7.0481	0.122226	0.124822
7.06037	0.124822	0.12447
7.06981	0.12447	0.123786
7.08586	0.123786	0.123938
7.09341	0.123938	0.123321
7.10852	0.123321	0.12403
7.11041	0.12403	0.122652
7.1274	0.122652	0.121695
7.15855	0.121695	0.120233
7.17082	0.120233	0.118954
7.19725	0.118954	0.120085
7.19914	0.120085	0.119324
7.21047	0.119324	0.119034
7.22463	0.119034	0.118655
7.23973	0.118655	0.119948
7.25956	0.119948	0.121454
7.269	0.121454	0.120022
7.29826	0.120022	0.12102
7.3077	0.12102	0.119642
7.31903	0.119642	0.119687
7.32092	0.119687	0.118476
7.33508	0.118476	0.119292
7.35113	0.119292	0.120255
7.37095	0.120255	0.121598
7.38605	0.121598	0.122273
7.40777	0.122273	0.124364
7.41909	0.124364	0.123944
7.43325	0.123944	0.124201
7.45025	0.124201	0.125051
7.46346	0.125051	0.127294
7.47196	0.127294	0.128383
7.48612	0.128383	0.12921
7.50311	0.12921	0.129684
7.52105	0.129684	0.130348
7.53804	0.130348	0.13043
7.54276	0.13043	0.129501
7.55975	0.129501	0.129063
7.57297	0.129063	0.12818
7.58713	0.12818	0.127658
7.60034	0.127658	0.127826
7.61545	0.127826	0.127972
7.63244	0.127972	0.128101
7.63433	0.128101	0.126213
7.64943	0.126213	0.124312
7.66925	0.124312	0.124648
7.67964	0.124648	0.124067
7.68436	0.124067	0.122558
7.7089	0.122558	0.122364
7.71079	0.122364	0.120818
7.72589	0.120818	0.119466
7.74383	0.119466	0.118408
7.75705	0.118408	0.118982
7.75988	0.118982	0.117859
7.7797	0.117859	0.116877
7.80802	0.116877	0.118392
7.80991	0.118392	0.119218
7.82029	0.119218	0.118316
7.8354	0.118316	0.119151
7.84012	0.119151	0.120507
7.85333	0.120507	0.121444
7.86655	0.121444	0.121638
7.87788	0.121638	0.121434
7.89581	0.121434	0.123254
7.91753	0.123254	0.125098
7.91941	0.125098	0.123335
7.9298	0.123335	0.122919
7.9449	0.122919	0.123054
7.95434	0.123054	0.122547
7.96284	0.122547	0.122479
7.97605	0.122479	0.122544
7.98738	0.122544	0.122351
8.00532	0.122351	0.123057
8.02703	0.123057	0.124175
8.02892	0.124175	0.122528
8.04402	0.122528	0.122837
8.05724	0.122837	0.123482
8.07234	0.123482	0.124047
8.07423	0.124047	0.123541
8.08745	0.123541	0.123724
8.10255	0.123724	0.124008
8.11577	0.124008	0.124507
8.13559	0.124507	0.125194
8.13748	0.125194	0.123294
8.15541	0.123294	0.123758
8.17146	0.123758	0.124163
8.1894	0.124163	0.125143
8.19129	0.125143	0.124375
8.20639	0.124375	0.125328
8.21866	0.125328	0.126037
8.23565	0.126037	0.126907
8.25076	0.126907	0.127919
8.25265	0.127919	0.126554
8.27058	0.126554	0.12736
8.28191	0.12736	0.12719
8.30268	0.12719	0.127666
8.31967	0.127666	0.127958
8.32345	0.127958	0.128463
8.33383	0.128463	0.12828
8.35271	0.12828	0.128995
8.36781	0.128995	0.129371
8.37442	0.129371	0.130574
8.38669	0.130574	0.131253
8.40557	0.131253	0.133971
8.42068	0.133971	0.135975
8.43861	0.135975	0.138603
8.4405	0.138603	0.138527
8.46127	0.138527	0.138962
8.47449	0.138962	0.140466
8.49148	0.140466	0.142658
8.51036	0.142658	0.144576
8.51225	0.144576	0.144629
8.52735	0.144629	0.145675
8.54434	0.145675	0.147216
8.55756	0.147216	0.147814
8.56322	0.147814	0.147212
8.57927	0.147212	0.146436
8.59437	0.146436	0.147381
8.61231	0.147381	0.147834
8.62836	0.147834	0.148604
8.63025	0.148604	0.147404
8.65007	0.147404	0.146478
8.66989	0.146478	0.147794
8.68877	0.147794	0.149444
8.69066	0.149444	0.149014
8.7086	0.149014	0.149262
8.72465	0.149262	0.150729
8.74168	0.150729	0.152138
8.89834	0.152138	0.147996
8.92005	0.147996	0.143871
8.95121	0.143871	0.140012
8.96442	0.140012	0.135761
8.96631	0.135761	0.131041
8.99463	0.131041	0.126661
9.01634	0.126661	0.122828
9.05033	0.122828	0.11985
9.0626	0.11985	0.117118
9.06449	0.117118	0.114729
9.09375	0.114729	0.112763
9.11641	0.112763	0.111167
9.15228	0.111167	0.110021
9.16455	0.110021	0.109019
9.16738	0.109019	0.108266
9.1957	0.108266	0.111108
9.21836	0.111108	0.112845
9.25329	0.112845	0.115864
9.2665	0.115864	0.115631
9.26839	0.115631	0.114177
9.2986	0.114177	0.11628
9.3222	0.11628	0.11762
9.35713	0.11762	0.120292
9.37129	0.120292	0.120006
9.37317	0.120006	0.11838
9.40433	0.11838	0.120583
9.42793	0.120583	0.121635
9.43076	0.121635	0.11993
9.46757	0.11993	0.118689
9.48173	0.118689	0.117603
9.48834	0.117603	0.117278
9.51477	0.117278	0.116368
9.54026	0.116368	0.115947
9.55348	0.115947	0.116829
9.57802	0.116829	0.1161
9.59218	0.1161	0.115462
9.61389	0.115462	0.116655
9.62522	0.116655	0.115948
9.65071	0.115948	0.115204
9.66393	0.115204	0.114554
9.68753	0.114554	0.116985
9.70169	0.116985	0.117737
9.7234	0.117737	0.119394
9.73661	0.119394	0.119845
9.76021	0.119845	0.12174
9.77343	0.12174	0.121897
9.79703	0.121897	0.12341
9.81119	0.12341	0.123484
9.83385	0.123484	0.124548
9.84612	0.124548	0.124355
9.86972	0.124355	0.125435
9.88388	0.125435	0.125131
9.90653	0.125131	0.126115
9.92069	0.126115	0.125725
9.92258	0.125725	0.123885
9.94524	0.123885	0.122399
9.9745	0.122399	0.123099
9.98017	0.123099	0.121587
10.0132	0.121587	0.122638
10.017	0.122638	0.121059
10.0472	0.121059	0.121801
10.0491	0.121801	0.122451
10.0689	0.122451	0.12252
10.0887	0.12252	0.121455
10.1067	0.121455	0.122023
10.1237	0.122023	0.12052
10.1425	0.12052	0.121205
10.1576	0.121205	0.119804
10.1605	0.119804	0.118704
10.1775	0.118704	0.117491
10.1973	0.117491	0.11893
10.2171	0.11893	0.120188
10.2313	0.120188	0.12079
10.2502	0.12079	0.121566
10.2671	0.121566	0.121995
10.269	0.121995	0.120746
10.2851	0.120746	0.121278
10.3049	0.121278	0.121993
10.3257	0.121993	0.122744
10.3408	0.122744	0.122776
10.3606	0.122776	0.123554
10.3776	0.123554	0.123985
10.3795	0.123985	0.122487
10.3955	0.122487	0.122926
10.4144	0.122926	0.123685
10.4163	0.123685	0.122224
10.4371	0.122224	0.120946
10.4673	0.120946	0.121703
10.471	0.121703	0.120365
10.489	0.120365	0.119195
10.5022	0.119195	0.11967
10.506	0.11967	0.118461
10.5249	0.118461	0.117404
10.539	0.117404	0.118103
10.5475	0.118103	0.11709
10.5777	0.11709	0.116204
10.5994	0.116204	0.117679
10.6051	0.117679	0.117594
10.6164	0.117594	0.117145
10.6278	0.117145	0.117751
10.6353	0.117751	0.116908
10.6495	0.116908	0.116044
10.6816	0.116044	0.118289
10.6872	0.118289	0.121003
10.7089	0.121003	0.122252
10.7259	0.122252	0.122721
10.7439	0.122721	0.124631
10.759	0.124631	0.126802
10.7769	0.126802	0.129577
10.7788	0.129577	0.131254
10.8005	0.131254	0.133723
10.8137	0.133723	0.133507
10.8354	0.133507	0.135319
10.8515	0.135319	0.136279
10.8534	0.136279	0.135244
10.8685	0.135244	0.133964
10.8864	0.133964	0.133218
10.8883	0.133218	0.130566
10.91	0.130566	0.130745
10.9251	0.130745	0.130027
10.9449	0.130027	0.130149
10.9468	0.130149	0.127755
10.9676	0.127755	0.126286
10.9827	0.126286	0.126625
11.0016	0.126625	0.127422
11.0035	0.127422	0.126119
11.0176	0.126119	0.126479
11.0318	0.126479	0.125794
11.0356	0.125794	0.12382
11.0554	0.12382	0.122218
11.0648	0.122218	0.12169
11.078	0.12169	0.120354
11.1073	0.120354	0.120935
11.112	0.120935	0.119693
11.1224	0.119693	0.119606
11.1281	0.119606	0.118531
11.1422	0.118531	0.117589
11.1517	0.117589	0.117391
11.1658	0.117391	0.116467
11.1753	0.116467	0.115783
11.1866	0.115783	0.11481
11.2168	0.11481	0.117709
11.2262	0.117709	0.117871
11.2414	0.117871	0.119262
11.247	0.119262	0.119979
11.264	0.119979	0.121982
11.2659	0.121982	0.122109
11.2753	0.122109	0.122345
11.2848	0.122345	0.121927
11.3018	0.121927	0.122436
11.3263	0.122436	0.124632
11.3414	0.124632	0.124678
11.3527	0.124678	0.124843
11.3641	0.124843	0.124613
11.3782	0.124613	0.125411
11.3801	0.125411	0.124235
11.3933	0.124235	0.124705
11.4018	0.124705	0.124867
11.4198	0.124867	0.126134
11.4358	0.126134	0.127117
11.4396	0.127117	0.125352
11.4519	0.125352	0.123433
11.4774	0.123433	0.123629
11.4849	0.123629	0.123176
11.4972	0.123176	0.122654
11.5104	0.122654	0.123572
11.5264	0.123572	0.12475
11.5425	0.12475	0.126782
11.5444	0.126782	0.126559
11.5633	0.126559	0.126739
11.5821	0.126739	0.128772
11.5982	0.128772	0.13105
11.6152	0.13105	0.131919
11.6171	0.131919	0.132054
11.6284	0.132054	0.131922
11.6426	0.131922	0.131932
11.6577	0.131932	0.131816
11.6595	0.131816	0.129964
11.6803	0.129964	0.130718
11.6945	0.130718	0.130753
11.7171	0.130753	0.131284
11.7294	0.131284	0.131249
11.7332	0.131249	0.131718
11.7492	0.131718	0.132003
11.7653	0.132003	0.134003
11.7842	0.134003	0.136752
11.786	0.136752	0.137658
11.8049	0.137658	0.138826
11.82	0.138826	0.141598
11.8361	0.141598	0.143398
11.8502	0.143398	0.144973
11.854	0.144973	0.143977
11.8729	0.143977	0.143854
11.8899	0.143854	0.145373
11.9078	0.145373	0.146951
11.922	0.146951	0.148082
11.9276	0.148082	0.147447
11.9446	0.147447	0.148766
11.9635	0.148766	0.150045
11.9805	0.150045	0.15129
11.9824	0.15129	0.150628
12.0022	0.150628	0.1508
12.1825	0.1508	0.1482
12.2118	0.1482	0.1453
12.2316	0.1453	0.141262
12.2514	0.141262	0.138355
12.2665	0.138355	0.135185
12.2788	0.135185	0.130287
12.3062	0.130287	0.125876
12.327	0.125876	0.122017
12.3487	0.122017	0.11889
12.3647	0.11889	0.116278
12.376	0.116278	0.113994
12.4062	0.113994	0.112244
12.428	0.112244	0.110839
12.4497	0.110839	0.109609
12.4657	0.109609	0.108533
12.477	0.108533	0.109091
12.5091	0.109091	0.11208
12.5299	0.11208	0.113445
12.5516	0.113445	0.114764
12.5667	0.114764	0.115044
12.5781	0.115044	0.114788
12.6083	0.114788	0.116815
12.63	0.116815	0.117213
12.6526	0.117213	0.117936
12.6687	0.117936	0.117819
12.68	0.117819	0.117342
12.7112	0.117342	0.119299
12.7149	0.119299	0.117637
12.7376	0.117637	0.116432
12.7621	0.116432	0.115628
12.7782	0.115628	0.114925
12.7905	0.114925	0.114309
12.8216	0.114309	0.11377
12.8301	0.11377	0.114049
12.8499	0.114049	0.113793
12.8726	0.113793	0.113319
12.8896	0.113319	0.113029
12.9151	0.113029	0.114525
12.9321	0.114525	0.114085
12.9528	0.114085	0.115074
12.9594	0.115074	0.116815
12.9821	0.116815	0.118838
12.9991	0.118838	0.119858
13.0246	0.119858	0.121751
13.0416	0.121751	0.122282
13.0623	0.122282	0.123247
13.0765	0.123247	0.123341
13.0925	0.123341	0.124548
13.1105	0.124548	0.12498
13.1341	0.12498	0.126232
13.1511	0.126232	0.126328
13.1718	0.126328	0.126787
13.186	0.126787	0.126314
13.202	0.126314	0.126275
13.2039	0.126275	0.124365
13.2209	0.124365	0.12257
13.2445	0.12257	0.120998
13.2615	0.120998	0.119624
13.2823	0.119624	0.118546
13.3134	0.118546	0.119727
13.3153	0.119727	0.118887
13.3314	0.118887	0.120026
13.3521	0.120026	0.121522
13.355	0.121522	0.120082
13.372	0.120082	0.118822
13.3927	0.118822	0.117719
13.4239	0.117719	0.116754
13.4324	0.116754	0.116785
13.4418	0.116785	0.115937
13.4635	0.115937	0.11532
13.4758	0.11532	0.11628
13.4815	0.11628	0.11762
13.5022	0.11762	0.119292
13.5334	0.119292	0.122006
13.5438	0.122006	0.121755
13.5513	0.121755	0.121411
13.5711	0.121411	0.122484
13.5844	0.122484	0.122299
13.59	0.122299	0.121386
13.6098	0.121386	0.122213
13.641	0.122213	0.124187
13.6504	0.124187	0.123288
13.657	0.123288	0.122127
13.6788	0.122127	0.122736
13.692	0.122736	0.122394
13.6948	0.122394	0.120845
13.7005	0.120845	0.119489
13.7212	0.119489	0.118553
13.7533	0.118553	0.117859
13.7666	0.117859	0.117627
13.7732	0.117627	0.117423
13.7892	0.117423	0.11662
13.8043	0.11662	0.116168
13.8222	0.116168	0.117647
13.8402	0.117647	0.120441
13.8421	0.120441	0.120511
13.8638	0.120511	0.119197
13.877	0.119197	0.118047
13.9034	0.118047	0.119541
13.9053	0.119541	0.119099
13.9157	0.119099	0.118086
13.9374	0.118086	0.117701
13.9506	0.117701	0.116738
13.9601	0.116738	0.117146
13.9733	0.117146	0.118878
13.9893	0.118878	0.119768
14.0129	0.119768	0.121797
14.0148	0.121797	0.120447
14.0318	0.120447	0.121141
14.0469	0.121141	0.122374
14.0611	0.122374	0.122577
14.0752	0.122577	0.12288
14.0922	0.12288	0.12402
14.1092	0.12402	0.125517
14.1224	0.125517	0.126453
14.1243	0.126453	0.124646
14.1413	0.124646	0.12494
14.1564	0.12494	0.124948
14.1734	0.124948	0.125204
14.1885	0.125204	0.125429
14.2083	0.125429	0.126375
14.2102	0.126375	0.125328
14.2282	0.125328	0.124537
14.2433	0.124537	0.124095
14.2593	0.124095	0.125458
14.2782	0.125458	0.126901
14.2801	0.126901	0.126538
14.2971	0.126538	0.126221
14.3131	0.126221	0.126068
14.3188	0.126068	0.12406
14.3339	0.12406	0.123927
14.3386	0.123927	0.122186
14.3537	0.122186	0.120663
14.3773	0.120663	0.12033
14.3886	0.12033	0.119039
14.4009	0.119039	0.119159
14.4075	0.119159	0.118014
14.4236	0.118014	0.117012
14.4434	0.117012	0.118011
14.4472	0.118011	0.11751
14.4642	0.11751	0.118571
14.4812	0.118571	0.121624
14.4972	0.121624	0.124421
14.5066	0.124421	0.124994
14.5123	0.124994	0.12487
14.5265	0.12487	0.125011
14.5397	0.125011	0.125884
14.5529	0.125884	0.126274
14.5652	0.126274	0.12574
14.5803	0.12574	0.126647
14.5916	0.126647	0.126691
14.6133	0.126691	0.127355
14.6162	0.127355	0.126311
14.6303	0.126311	0.126022
14.6407	0.126022	0.126269
14.652	0.126269	0.126235
14.6634	0.126235	0.125956
14.6747	0.125956	0.125461
14.6907	0.125461	0.125404
14.7021	0.125404	0.124978
14.7134	0.124978	0.124606
14.7238	0.124606	0.12278
14.7426	0.12278	0.123183
14.7464	0.123183	0.122285
14.7587	0.122285	0.121749
14.7719	0.121749	0.121406
14.7861	0.121406	0.121605
14.8002	0.121605	0.122154
14.8021	0.122154	0.120885
14.8182	0.120885	0.120274
14.837	0.120274	0.12074
14.8559	0.12074	0.122148
14.8701	0.122148	0.122879
14.872	0.122879	0.123144
14.889	0.123144	0.124001
14.9022	0.124001	0.124876
14.9192	0.124876	0.125892
14.9239	0.125892	0.12553
14.9399	0.12553	0.126964
14.9532	0.126964	0.127968
14.9749	0.127968	0.129097
14.9919	0.129097	0.12996
14.9938	0.12996	0.130965
