1.01321	0	0.013
1.03434	0.013	0.014
1.04945	0.014	0.01675
1.06455	0.01675	0.0210313
1.07965	0.0210313	0.0266523
1.09476	0.0266523	0.0334458
1.11553	0.0334458	0.0420151
1.13535	0.0420151	0.0493882
1.14196	0.0493882	0.0547147
1.16178	0.0547147	0.0618753
1.16839	0.0618753	0.0671409
1.18821	0.0671409	0.0742483
1.20898	0.0742483	0.0810923
1.22881	0.0810923	0.0895807
1.24485	0.0895807	0.0971331
1.26562	0.0971331	0.106366
1.26751	0.106366	0.112071
1.28356	0.112071	0.119062
3.15433	0.119062	0.140179
3.26172	0.140179	0.136032
3.37217	0.136032	0.132903
3.37783	0.132903	0.13079
3.48261	0.13079	0.128191
3.49111	0.128191	0.127042
3.493	0.127042	0.125537
3.59212	0.125537	0.13672
3.60061	0.13672	0.13438
3.61194	0.13438	0.132582
3.70257	0.132582	0.14226
3.71389	0.14226	0.139602
3.72805	0.139602	0.138152
3.81301	0.138152	0.146133
3.8149	0.146133	0.141866
3.83095	0.141866	0.138758
3.8385	0.138758	0.135163
3.92346	0.135163	0.132018
3.92913	0.132018	0.129891
3.93951	0.129891	0.127279
3.94801	0.127279	0.125119
4.03013	0.125119	0.122854
4.03674	0.122854	0.120873
4.04713	0.120873	0.119264
4.05562	0.119264	0.118856
4.13964	0.118856	0.127874
4.15569	0.127874	0.127514
4.15946	0.127514	0.12695
4.16985	0.12695	0.126331
4.24914	0.126331	0.13479
4.26519	0.13479	0.133691
4.26991	0.133691	0.13123
4.28407	0.13123	0.130451
4.30201	0.130451	0.13077
4.35959	0.13077	0.128173
4.39074	0.128173	0.127777
4.39263	0.127777	0.12718
4.41057	0.12718	0.127032
4.42284	0.127032	0.126153
4.47004	0.126153	0.124259
4.50213	0.124259	0.122727
4.51724	0.122727	0.123011
4.52101	0.123011	0.121509
4.5465	0.121509	0.121821
4.58049	0.121821	0.120343
4.61164	0.120343	0.122925
4.62674	0.122925	0.12306
4.64657	0.12306	0.123802
4.65978	0.123802	0.125577
4.68999	0.125577	0.127755
4.72114	0.127755	0.12941
4.73813	0.12941	0.129109
4.75607	0.129109	0.12922
4.77306	0.12922	0.128943
4.80044	0.128943	0.13045
4.83159	0.13045	0.131894
4.83348	0.131894	0.129407
4.84858	0.129407	0.126981
4.86652	0.126981	0.124859
4.88445	0.124859	0.123126
4.91089	0.123126	0.121485
4.94298	0.121485	0.120175
4.95242	0.120175	0.120028
4.95903	0.120028	0.118899
4.97697	0.118899	0.117787
4.9949	0.117787	0.116814
5.02133	0.116814	0.116087
5.05343	0.116087	0.115451
5.08458	0.115451	0.11752
5.08647	0.11752	0.118705
5.10441	0.118705	0.121992
5.12329	0.121992	0.125118
5.13839	0.125118	0.127478
5.16293	0.127478	0.129168
5.19409	0.129168	0.130647
5.19597	0.130647	0.128191
5.21391	0.128191	0.128042
5.23279	0.128042	0.128037
5.24884	0.128037	0.127657
5.27244	0.127657	0.12845
5.30359	0.12845	0.130019
5.30548	0.130019	0.127642
5.32341	0.127642	0.127686
5.3253	0.127686	0.125726
5.34324	0.125726	0.123885
5.35929	0.123885	0.122274
5.38289	0.122274	0.12074
5.41404	0.12074	0.119523
5.42631	0.119523	0.119707
5.43386	0.119707	0.118494
5.44613	0.118494	0.118807
5.45274	0.118807	0.117581
5.46596	0.117581	0.116134
5.48295	0.116134	0.114117
5.50655	0.114117	0.111352
5.51788	0.111352	0.108808
5.52449	0.108808	0.106582
5.53676	0.106582	0.104509
5.54148	0.104509	0.102571
5.55564	0.102571	0.102624
5.57263	0.102624	0.103171
5.59717	0.103171	0.10465
5.60945	0.10465	0.104444
5.61605	0.104444	0.103763
5.62927	0.103763	0.103918
5.63493	0.103918	0.103178
5.64909	0.103178	0.103781
5.66797	0.103781	0.104808
5.69346	0.104808	0.106832
5.70573	0.106832	0.106978
5.71234	0.106978	0.106481
5.72745	0.106481	0.107046
5.73405	0.107046	0.10679
5.74821	0.10679	0.107691
5.76709	0.107691	0.10898
5.76993	0.10898	0.108107
5.7973	0.108107	0.107594
5.81052	0.107594	0.10727
5.81807	0.10727	0.107111
5.83317	0.107111	0.106972
5.83884	0.106972	0.106601
5.853	0.106601	0.106276
5.87188	0.106276	0.105991
5.87471	0.105991	0.105867
5.9002	0.105867	0.105509
5.91247	0.105509	0.10507
5.92002	0.10507	0.104686
5.93418	0.104686	0.104226
5.93985	0.104226	0.103822
5.95401	0.103822	0.103595
5.97383	0.103595	0.103395
5.97666	0.103395	0.103221
6.00309	0.103221	0.103193
6.01442	0.103193	0.104544
6.02292	0.104544	0.105226
6.03802	0.105226	0.106823
6.04369	0.106823	0.107095
6.05973	0.107095	0.108708
6.0805	0.108708	0.11087
6.08333	0.11087	0.110761
6.11165	0.110761	0.113791
6.12298	0.113791	0.114442
6.13148	0.114442	0.114762
6.14753	0.114762	0.116041
6.15508	0.116041	0.116161
6.17018	0.116161	0.117516
6.19001	0.117516	0.119202
6.19567	0.119202	0.118676
6.22116	0.118676	0.121092
6.23532	0.121092	0.121455
6.25042	0.121455	0.122273
6.25797	0.122273	0.122739
6.27025	0.122739	0.122772
6.27402	0.122772	0.1223
6.28724	0.1223	0.121638
6.30045	0.121638	0.120183
6.32783	0.120183	0.12166
6.33255	0.12166	0.120328
6.3637	0.120328	0.121287
6.36559	0.121287	0.120501
6.37975	0.120501	0.120688
6.3958	0.120688	0.121227
6.40618	0.121227	0.122574
6.42412	0.122574	0.124377
6.42601	0.124377	0.12458
6.44205	0.12458	0.123382
6.46093	0.123382	0.12396
6.47415	0.12396	0.12234
6.48642	0.12234	0.122172
6.4902	0.122172	0.120776
6.5053	0.120776	0.121429
6.51946	0.121429	0.12175
6.5374	0.12175	0.122906
6.55345	0.122906	0.123668
6.55817	0.123668	0.12471
6.57327	0.12471	0.125496
6.58837	0.125496	0.125809
6.60537	0.125809	0.126458
6.62047	0.126458	0.127401
6.62425	0.127401	0.128225
6.64218	0.128225	0.129322
6.65634	0.129322	0.130282
6.67428	0.130282	0.131122
6.67805	0.131122	0.130357
6.69127	0.130357	0.130687
6.70543	0.130687	0.130851
6.72714	0.130851	0.13187
6.74602	0.13187	0.133011
6.7498	0.133011	0.13251
6.76018	0.13251	0.132946
6.78095	0.132946	0.133578
6.79417	0.133578	0.13413
6.79794	0.13413	0.132739
6.81493	0.132739	0.133147
6.82721	0.133147	0.133503
6.84325	0.133503	0.134065
6.85836	0.134065	0.133682
6.86025	0.133682	0.131222
6.87063	0.131222	0.129944
6.87913	0.129944	0.128576
6.89234	0.128576	0.126504
6.90745	0.126504	0.124816
6.90933	0.124816	0.123214
6.92444	0.123214	0.121562
6.93671	0.121562	0.119992
6.9537	0.119992	0.118743
6.96692	0.118743	0.1174
6.96881	0.1174	0.116225
6.98013	0.116225	0.115447
6.98957	0.115447	0.114766
7.0009	0.114766	0.11392
7.01506	0.11392	0.11318
7.01789	0.11318	0.112783
7.033	0.112783	0.11406
7.04621	0.11406	0.115052
7.06321	0.115052	0.116546
7.07642	0.116546	0.117353
7.07831	0.117353	0.116684
7.08964	0.116684	0.117223
7.10002	0.117223	0.11757
7.12173	0.11757	0.119374
7.12457	0.119374	0.119952
7.13401	0.119952	0.119833
7.15666	0.119833	0.122229
7.16705	0.122229	0.123825
7.18498	0.123825	0.125597
7.18687	0.125597	0.125273
7.20103	0.125273	0.125239
7.21425	0.125239	0.126584
7.22652	0.126584	0.127886
7.24257	0.127886	0.12965
7.24445	0.12965	0.128819
7.26617	0.128819	0.130466
7.27844	0.130466	0.132158
7.29543	0.132158	0.133013
7.29732	0.133013	0.132637
7.31525	0.132637	0.132432
7.33036	0.132432	0.133878
7.34829	0.133878	0.135518
7.36812	0.135518	0.137829
7.37001	0.137829	0.1386
7.55125	0.1386	0.1379
7.57202	0.1379	0.136162
7.60789	0.136162	0.135017
7.62772	0.135017	0.132015
7.64282	0.132015	0.131013
7.6617	0.131013	0.128386
7.68247	0.128386	0.126088
7.71834	0.126088	0.124202
7.73817	0.124202	0.122552
7.77026	0.122552	0.123233
7.77215	0.123233	0.121704
7.79292	0.121704	0.120241
7.82879	0.120241	0.118961
7.84861	0.118961	0.117841
7.88165	0.117841	0.116986
7.88826	0.116986	0.117112
7.90242	0.117112	0.118723
7.93829	0.118723	0.122133
7.95812	0.122133	0.123116
7.99116	0.123116	0.125602
8.0006	0.125602	0.124777
8.01381	0.124777	0.124804
8.0478	0.124804	0.127329
8.06762	0.127329	0.127538
8.10066	0.127538	0.129346
8.11482	0.129346	0.128552
8.13181	0.128552	0.128858
8.15164	0.128858	0.130001
8.15825	0.130001	0.127626
8.17901	0.127626	0.125673
8.21111	0.125673	0.123839
8.22527	0.123839	0.122234
8.24226	0.122234	0.12083
8.26209	0.12083	0.119601
8.28852	0.119601	0.120901
8.29229	0.120901	0.119913
8.32156	0.119913	0.118674
8.33572	0.118674	0.11759
8.36687	0.11759	0.118391
8.37253	0.118391	0.117342
8.39802	0.117342	0.119674
8.41501	0.119674	0.12059
8.43201	0.12059	0.123016
8.449	0.123016	0.123514
8.47732	0.123514	0.125825
8.49053	0.125825	0.125597
8.50847	0.125597	0.126897
8.52452	0.126897	0.126785
8.54245	0.126785	0.126812
8.5585	0.126812	0.12671
8.58682	0.12671	0.128122
8.60476	0.128122	0.127981
8.62081	0.127981	0.128234
8.63685	0.128234	0.128205
8.65857	0.128205	0.128929
8.66045	0.128929	0.127563
8.67933	0.127563	0.126742
8.7001	0.126742	0.12515
8.71521	0.12515	0.123381
8.73125	0.123381	0.121833
8.76335	0.121833	0.122479
8.76901	0.122479	0.121044
8.78412	0.121044	0.121414
8.78978	0.121414	0.119987
8.81055	0.119987	0.118739
8.82565	0.118739	0.117646
8.8417	0.117646	0.116691
8.87285	0.116691	0.115729
8.87569	0.115729	0.114513
8.88985	0.114513	0.113324
8.89268	0.113324	0.112658
8.90967	0.112658	0.113576
8.92194	0.113576	0.113254
8.93799	0.113254	0.113097
8.9682	0.113097	0.114835
8.97103	0.114835	0.112856
8.98519	0.112856	0.112499
8.98802	0.112499	0.110811
9.00407	0.110811	0.11096
9.01729	0.11096	0.11059
9.03333	0.11059	0.110766
9.06543	0.110766	0.11292
9.06826	0.11292	0.111305
9.08242	0.111305	0.111267
9.0862	0.111267	0.109984
9.08809	0.109984	0.108736
9.10602	0.108736	0.107894
9.11829	0.107894	0.107032
9.13529	0.107032	0.106403
9.16833	0.106403	0.105978
9.1721	0.105978	0.105731
9.18626	0.105731	0.105514
9.19004	0.105514	0.105325
9.19193	0.105325	0.105034
9.20986	0.105034	0.10478
9.22213	0.10478	0.104683
9.24007	0.104683	0.104722
9.27122	0.104722	0.104507
9.27405	0.104507	0.104194
9.2901	0.104194	0.104169
9.29293	0.104169	0.103898
9.29577	0.103898	0.103911
9.31276	0.103911	0.103797
9.32503	0.103797	0.105322
9.34202	0.105322	0.107157
9.37506	0.107157	0.110637
9.37789	0.110637	0.110058
9.39489	0.110058	0.111301
9.39772	0.111301	0.110763
9.40055	0.110763	0.110418
9.41754	0.110418	0.111865
9.4317	0.111865	0.112757
9.44964	0.112757	0.114163
9.48457	0.114163	0.117642
9.48929	0.117642	0.117187
9.50439	0.117187	0.118414
9.50911	0.118414	0.117987
9.51289	0.117987	0.117614
9.52799	0.117614	0.118787
9.54498	0.118787	0.119813
9.56009	0.119813	0.120962
9.56575	0.120962	0.120342
9.59501	0.120342	0.119174
9.61767	0.119174	0.120277
9.61956	0.120277	0.119618
9.63372	0.119618	0.120165
9.65165	0.120165	0.12252
9.65921	0.12252	0.123705
9.67809	0.123705	0.124992
9.67997	0.124992	0.124243
9.69697	0.124243	0.125087
9.71207	0.125087	0.124076
9.72812	0.124076	0.122442
9.74228	0.122442	0.122512
9.74417	0.122512	0.121073
9.76305	0.121073	0.119939
9.78948	0.119939	0.121196
9.79514	0.121196	0.120672
9.80647	0.120672	0.121463
9.82252	0.121463	0.12203
9.84045	0.12203	0.122776
9.85367	0.122776	0.125054
9.85745	0.125054	0.125547
9.86877	0.125547	0.125604
9.8886	0.125604	0.127903
9.90559	0.127903	0.129666
9.91881	0.129666	0.129582
9.92353	0.129582	0.129385
9.93674	0.129385	0.129461
9.95468	0.129461	0.129779
9.97167	0.129779	0.129931
9.97356	0.129931	0.12869
9.99244	0.12869	0.129479
10.0075	0.129479	0.130669
10.0255	0.130669	0.13146
10.0406	0.13146	0.131903
10.0425	0.131903	0.130915
10.0642	0.130915	0.132176
10.084	0.132176	0.134154
10.0991	0.134154	0.135509
10.1029	0.135509	0.134946
10.1133	0.134946	0.135578
10.1274	0.135578	0.135505
10.1378	0.135505	0.134817
10.1473	0.134817	0.133215
10.151	0.133215	0.130438
10.1539	0.130438	0.128008
10.1737	0.128008	0.125632
10.1945	0.125632	0.123678
10.2086	0.123678	0.121843
10.2133	0.121843	0.120488
10.2228	0.120488	0.119052
10.2379	0.119052	0.117921
10.2473	0.117921	0.11693
10.2568	0.11693	0.115939
10.2605	0.115939	0.115072
10.2634	0.115072	0.114438
10.2841	0.114438	0.114008
10.303	0.114008	0.113382
10.3191	0.113382	0.113084
10.3228	0.113084	0.112574
10.3323	0.112574	0.112252
10.3474	0.112252	0.113846
10.3568	0.113846	0.11449
10.3663	0.11449	0.115054
10.37	0.115054	0.114922
10.3738	0.114922	0.114682
10.3936	0.114682	0.116596
10.4125	0.116596	0.118022
10.4295	0.118022	0.119019
10.4427	0.119019	0.119517
10.4588	0.119517	0.121577
10.4692	0.121577	0.123505
10.4748	0.123505	0.123942
10.4814	0.123942	0.124074
10.4928	0.124074	0.124315
10.5098	0.124315	0.126151
10.5267	0.126151	0.129507
10.5352	0.129507	0.131068
10.5485	0.131068	0.131685
10.5636	0.131685	0.131974
10.5749	0.131974	0.131977
10.5787	0.131977	0.13048
10.5928	0.13048	0.129545
10.6108	0.129545	0.130352
10.6193	0.130352	0.131308
10.6287	0.131308	0.131895
10.641	0.131895	0.131783
10.6561	0.131783	0.13156
10.6683	0.13156	0.13174
10.6844	0.13174	0.132272
10.7004	0.132272	0.132863
10.7023	0.132863	0.132255
10.7184	0.132255	0.133224
10.7344	0.133224	0.134321
10.7514	0.134321	0.135156
10.7533	0.135156	0.135011
10.7703	0.135011	0.135885
10.792	0.135885	0.137899
10.8071	0.137899	0.139537
10.8203	0.139537	0.141095
10.826	0.141095	0.141083
11.1507	0.141083	0.139572
11.1951	0.139572	0.138626
11.2102	0.138626	0.137048
11.2121	0.137048	0.133917
11.2281	0.133917	0.131177
11.2612	0.131177	0.128655
11.3055	0.128655	0.126323
11.3206	0.126323	0.124283
11.3329	0.124283	0.123747
11.3386	0.123747	0.122029
11.3707	0.122029	0.124525
11.415	0.124525	0.12821
11.4302	0.12821	0.127808
11.4462	0.127808	0.127582
11.4594	0.127582	0.12751
11.4802	0.12751	0.129321
11.5246	0.129321	0.132406
11.5406	0.132406	0.13148
11.5585	0.13148	0.131045
11.5727	0.131045	0.130414
11.5916	0.130414	0.130613
11.6076	0.130613	0.130161
11.635	0.130161	0.127641
11.6633	0.127641	0.127061
11.6709	0.127061	0.125178
11.6982	0.125178	0.125281
11.7049	0.125281	0.123746
11.72	0.123746	0.122278
11.7454	0.122278	0.120868
11.7738	0.120868	0.119509
11.8078	0.119509	0.121696
11.8096	0.121696	0.120359
11.8276	0.120359	0.120689
11.8417	0.120689	0.120853
11.8559	0.120853	0.119496
11.8833	0.119496	0.121809
11.9173	0.121809	0.124583
11.9191	0.124583	0.12301
11.938	0.12301	0.123759
11.9531	0.123759	0.124039
11.973	0.124039	0.124909
11.9928	0.124909	0.12642
12.0268	0.12642	0.128493
12.0286	0.128493	0.126306
12.0475	0.126306	0.126518
12.0655	0.126518	0.126578
12.0825	0.126578	0.126881
12.1023	0.126881	0.127271
12.1363	0.127271	0.129362
12.1382	0.129362	0.127192
12.1551	0.127192	0.127168
12.158	0.127168	0.125022
12.1759	0.125022	0.123144
12.1938	0.123144	0.121626
12.2108	0.121626	0.119923
12.2363	0.119923	0.117432
12.2382	0.117432	0.115253
12.2552	0.115253	0.113347
12.258	0.113347	0.111803
12.2703	0.111803	0.109703
12.2892	0.109703	0.10799
12.3052	0.10799	0.106366
12.3307	0.106366	0.104821
12.3336	0.104821	0.103593
12.3496	0.103593	0.104519
12.3534	0.104519	0.103704
12.3666	0.103704	0.104241
12.3874	0.104241	0.105836
12.4034	0.105836	0.106856
12.4298	0.106856	0.108999
12.4327	0.108999	0.108124
12.4487	0.108124	0.108984
12.4525	0.108984	0.108236
12.4667	0.108236	0.108831
12.4903	0.108831	0.110727
12.5063	0.110727	0.111762
12.5327	0.111762	0.113916
12.5356	0.113916	0.112927
12.5507	0.112927	0.113561
12.5554	0.113561	0.112741
12.5582	0.112741	0.111898
12.5705	0.111898	0.110911
12.5922	0.110911	0.109797
12.6073	0.109797	0.108697
12.6347	0.108697	0.10786
12.6366	0.10786	0.107003
12.6536	0.107003	0.106502
12.6583	0.106502	0.106065
12.6611	0.106065	0.105682
12.6734	0.105682	0.105346
12.6961	0.105346	0.105178
12.7121	0.105178	0.105156
12.7414	0.105156	0.105386
12.7442	0.105386	0.105713
12.7631	0.105713	0.106249
12.7669	0.106249	0.106468
12.7697	0.106468	0.106659
12.7829	0.106659	0.106952
12.8065	0.106952	0.110208
12.8226	0.110208	0.112182
12.8509	0.112182	0.115409
12.8575	0.115409	0.115483
12.8735	0.115483	0.117173
12.8792	0.117173	0.117026
12.8952	0.117026	0.118523
12.9047	0.118523	0.120582
12.9179	0.120582	0.122385
12.933	0.122385	0.122837
12.9613	0.122837	0.124857
12.9726	0.124857	0.1245
12.9859	0.1245	0.124937
13.0038	0.124937	0.12557
13.0151	0.12557	0.126874
13.0236	0.126874	0.127015
13.0406	0.127015	0.128138
13.0519	0.128138	0.128871
13.0699	0.128871	0.129887
13.0831	0.129887	0.128901
13.0869	0.128901	0.127038
13.0982	0.127038	0.125284
13.1161	0.125284	0.123748
13.1256	0.123748	0.12203
13.1539	0.12203	0.123026
13.1558	0.123026	0.122023
13.1699	0.122023	0.12152
13.1832	0.12152	0.12058
13.1935	0.12058	0.119257
13.2228	0.119257	0.12135
13.2247	0.12135	0.121931
13.2351	0.121931	0.121565
13.2558	0.121565	0.122619
13.2643	0.122619	0.121167
13.2747	0.121167	0.120896
13.2804	0.120896	0.119659
13.3068	0.119659	0.120077
13.3125	0.120077	0.121192
13.3323	0.121192	0.123418
13.3342	0.123418	0.121991
13.3455	0.121991	0.121867
13.3663	0.121867	0.123009
13.3814	0.123009	0.123383
13.4003	0.123383	0.12496
13.4144	0.12496	0.12684
13.4295	0.12684	0.12961
13.4314	0.12961	0.129034
13.4513	0.129034	0.130279
13.4588	0.130279	0.129744
13.4805	0.129744	0.131776
13.4928	0.131776	0.133679
13.4947	0.133679	0.132969
13.5098	0.132969	0.132348
13.5239	0.132348	0.13118
13.539	0.13118	0.130407
13.5409	0.130407	0.127981
13.5608	0.127981	0.128109
13.5626	0.128109	0.12597
13.5683	0.12597	0.123974
13.591	0.123974	0.122227
13.6032	0.122227	0.120824
13.6051	0.120824	0.119596
13.6183	0.119596	0.118271
13.6316	0.118271	0.116987
13.6476	0.116987	0.115864
13.6495	0.115864	0.115006
13.6693	0.115006	0.114255
13.6712	0.114255	0.113598
13.6769	0.113598	0.112899
13.7014	0.112899	0.112661
13.7137	0.112661	0.112329
13.7175	0.112329	0.112287
13.7335	0.112287	0.112627
13.7477	0.112627	0.113048
13.7581	0.113048	0.112792
13.7656	0.112792	0.113193
13.7798	0.113193	0.112794
13.793	0.112794	0.11382
13.7977	0.11382	0.114717
13.8119	0.114717	0.117253
13.827	0.117253	0.118221
13.8487	0.118221	0.120318
13.8647	0.120318	0.123654
13.8685	0.123654	0.125072
13.8751	0.125072	0.125438
13.894	0.125438	0.126633
13.9063	0.126633	0.128429
13.9214	0.128429	0.130125
13.9299	0.130125	0.130985
13.9459	0.130985	0.133112
13.9667	0.133112	0.135848
13.9837	0.135848	0.138492
13.9856	0.138492	0.138305
13.9997	0.138305	0.137892
14.012	0.137892	0.138531
14.0337	0.138531	0.140964
14.045	0.140964	0.142344
14.0507	0.142344	0.142551
14.0649	0.142551	0.142607
14.0818	0.142607	0.143781
14.0942	0.143781	0.144433
14.2735	0.144433	0.144379
14.2952	0.144379	0.142582
14.3348	0.142582	0.141134
14.3499	0.141134	0.137617
14.3679	0.137617	0.13654
14.3849	0.13654	0.133348
14.4056	0.133348	0.130429
14.4453	0.130429	0.128001
14.4774	0.128001	0.128
14.4793	0.128	0.126
14.4963	0.126	0.12425
14.5161	0.12425	0.122594
14.5557	0.122594	0.12102
14.5878	0.12102	0.119642
14.6058	0.119642	0.120437
14.6077	0.120437	0.121382
14.6256	0.121382	0.122335
14.6652	0.122335	0.125668
14.6973	0.125668	0.127709
14.7162	0.127709	0.127871
14.7181	0.127871	0.126012
14.7351	0.126012	0.12626
14.7747	0.12626	0.129103
14.8068	0.129103	0.13059
14.8257	0.13059	0.130266
14.8276	0.130266	0.127858
14.8446	0.127858	0.127626
14.8465	0.127626	0.125547
14.8852	0.125547	0.123729
14.9173	0.123729	0.122138
14.9362	0.122138	0.120746
14.9513	0.120746	0.121152
14.955	0.121152	0.119883
14.973	0.119883	0.120648
14.9956	0.120648	0.119317
