1.01274	0	0.012
1.02962	0.012	0.012625
1.03717	0.012625	0.0141719
1.04473	0.0141719	0.0164004
1.05228	0.0164004	0.0193503
1.05983	0.0193503	0.0228065
1.06833	0.0228065	0.0269557
1.07588	0.0269557	0.0293363
1.08249	0.0293363	0.0312942
1.09098	0.0312942	0.0331325
1.09853	0.0331325	0.0357409
1.10514	0.0357409	0.0378983
1.11364	0.0378983	0.039911
1.12308	0.039911	0.0429221
1.12685	0.0429221	0.0448069
1.13629	0.0448069	0.046831
1.14573	0.046831	0.0497271
1.15045	0.0497271	0.0520112
1.15895	0.0520112	0.0540098
1.16839	0.0540098	0.0570086
1.17217	0.0570086	0.0591325
1.18255	0.0591325	0.061366
1.19199	0.061366	0.0644452
1.19482	0.0644452	0.0665146
1.20709	0.0665146	0.0687002
1.21276	0.0687002	0.0712377
1.21653	0.0712377	0.073583
1.22786	0.073583	0.0757601
1.24013	0.0757601	0.0792901
1.24485	0.0792901	0.0817538
1.25052	0.0817538	0.0840346
1.25996	0.0840346	0.0871553
1.26185	0.0871553	0.0891359
1.27506	0.0891359	0.0913689
1.27978	0.0913689	0.0938228
1.28545	0.0938228	0.0962199
1.293	0.0962199	0.0979424
1.30338	0.0979424	0.100825
1.31282	0.100825	0.103347
1.32132	0.103347	0.106303
1.32321	0.106303	0.10914
1.33265	0.10914	0.111123
1.34114	0.111123	0.113357
1.35058	0.113357	0.116438
1.35908	0.116438	0.119758
1.36097	0.119758	0.121413
1.37041	0.121413	0.124112
1.3789	0.124112	0.125848
1.38929	0.125848	0.128242
1.39117	0.128242	0.130586
1.40061	0.130586	0.133013
1.40911	0.133013	0.135137
1.41855	0.135137	0.138119
1.42708	0.138119	0.141605
1.80937	0.141605	0.137779
1.81597	0.137779	0.135057
1.81786	0.135057	0.132175
1.82541	0.132175	0.129528
1.83391	0.129528	0.127587
1.84429	0.127587	0.126013
1.85373	0.126013	0.125137
1.86223	0.125137	0.12437
1.86789	0.12437	0.123198
1.87356	0.123198	0.117424
1.883	0.117424	0.111871
1.88866	0.111871	0.106762
1.89716	0.106762	0.101417
1.9066	0.101417	0.0953645
1.91226	0.0953645	0.089694
1.91981	0.089694	0.0849822
1.92453	0.0849822	0.0807344
1.93492	0.0807344	0.0771426
1.93964	0.0771426	0.0738748
1.94813	0.0738748	0.0710155
1.95852	0.0710155	0.0686385
1.96607	0.0686385	0.0668087
1.97362	0.0668087	0.0660826
1.9774	0.0660826	0.0650723
1.98778	0.0650723	0.0648133
1.9925	0.0648133	0.0639616
2.001	0.0639616	0.0635914
2.01327	0.0635914	0.0637675
2.01893	0.0637675	0.0632965
2.02649	0.0632965	0.0628845
2.02932	0.0628845	0.0620239
2.04065	0.0620239	0.0621459
2.04537	0.0621459	0.0616277
2.05386	0.0616277	0.0615492
2.06519	0.0615492	0.0619806
2.0718	0.0619806	0.061483
2.07841	0.061483	0.0612976
2.08218	0.0612976	0.0606354
2.0869	0.0606354	0.060181
2.09917	0.060181	0.0600334
2.10389	0.0600334	0.0597792
2.11239	0.0597792	0.0596818
2.12277	0.0596818	0.0593466
2.12938	0.0593466	0.0591782
2.13599	0.0591782	0.058906
2.13977	0.058906	0.0586677
2.14449	0.0586677	0.0585843
2.1577	0.0585843	0.0585112
2.16242	0.0585112	0.0585723
2.17092	0.0585723	0.0585008
2.18225	0.0585008	0.0586882
2.18791	0.0586882	0.0586022
2.19546	0.0586022	0.0587769
2.19924	0.0587769	0.0589298
2.20301	0.0589298	0.0589386
2.21812	0.0589386	0.0608212
2.22284	0.0608212	0.0613436
2.23133	0.0613436	0.0623006
2.24361	0.0623006	0.0636381
2.24927	0.0636381	0.0640583
2.25682	0.0640583	0.064676
2.2606	0.064676	0.0647165
2.26437	0.0647165	0.0647519
2.27853	0.0647519	0.066033
2.28325	0.066033	0.0659038
2.29175	0.0659038	0.0662909
2.30308	0.0662909	0.0670045
2.30969	0.0670045	0.0668789
2.31629	0.0668789	0.0668941
2.32007	0.0668941	0.0665323
2.32479	0.0665323	0.0662158
2.33895	0.0662158	0.0671888
2.34367	0.0671888	0.0669152
2.34839	0.0669152	0.0666758
2.35783	0.0666758	0.0665913
2.36821	0.0665913	0.0663924
2.37482	0.0663924	0.0662184
2.38143	0.0662184	0.0660661
2.38521	0.0660661	0.0659328
2.38993	0.0659328	0.0658162
2.40503	0.0658162	0.0659642
2.40975	0.0659642	0.0659687
2.41541	0.0659687	0.0660976
2.42391	0.0660976	0.0660854
2.43524	0.0660854	0.0661997
2.4409	0.0661997	0.0661747
2.44845	0.0661747	0.0662779
2.45223	0.0662779	0.0663682
2.45601	0.0663682	0.0664471
2.47111	0.0664471	0.0663912
2.47489	0.0663912	0.0662173
2.48149	0.0662173	0.0661902
2.49188	0.0661902	0.0664164
2.50415	0.0664164	0.0682394
2.50981	0.0682394	0.0689594
2.51737	0.0689594	0.0699645
2.52114	0.0699645	0.0703439
2.52492	0.0703439	0.0705509
2.53908	0.0705509	0.0721071
2.5438	0.0721071	0.0720937
2.54946	0.0720937	0.072457
2.5589	0.072457	0.0730249
2.57117	0.0730249	0.0738967
2.57778	0.0738967	0.0737847
2.58439	0.0737847	0.0739366
2.58817	0.0739366	0.0735695
2.59289	0.0735695	0.0732483
2.60705	0.0732483	0.0744673
2.61177	0.0744673	0.0741589
2.61743	0.0741589	0.074139
2.62687	0.074139	0.0744966
2.6382	0.0744966	0.0751846
2.64764	0.0751846	0.0752865
2.65141	0.0752865	0.0751257
2.65708	0.0751257	0.07486
2.66085	0.07486	0.0745025
2.66557	0.0745025	0.0743147
2.68068	0.0743147	0.0741503
2.68445	0.0741503	0.0740065
2.69106	0.0740065	0.0740057
2.69956	0.0740057	0.07388
2.71089	0.07388	0.073645
2.72127	0.073645	0.0736894
2.72505	0.0736894	0.0737282
2.73165	0.0737282	0.0737622
2.73543	0.0737622	0.0739169
2.73921	0.0739169	0.0739273
2.75431	0.0739273	0.0739364
2.75809	0.0739364	0.0739443
2.76469	0.0739443	0.0738263
2.77319	0.0738263	0.073848
2.78546	0.073848	0.073992
2.7949	0.073992	0.073868
2.79868	0.073868	0.0737595
2.80906	0.0737595	0.0742896
2.81189	0.0742896	0.0750034
2.81567	0.0750034	0.0756279
2.82983	0.0756279	0.0774245
2.83455	0.0774245	0.0777464
2.84021	0.0777464	0.0782781
2.84965	0.0782781	0.0791183
2.86193	0.0791183	0.0802285
2.87042	0.0802285	0.080825
2.8742	0.080825	0.0807218
2.88364	0.0807218	0.0812566
2.88741	0.0812566	0.0808495
2.89119	0.0808495	0.0807433
2.90535	0.0807433	0.0819004
2.91007	0.0819004	0.0817879
2.91573	0.0817879	0.0816894
2.92517	0.0816894	0.0821032
2.9365	0.0821032	0.0827153
2.94594	0.0827153	0.0828759
2.94972	0.0828759	0.0823914
2.95821	0.0823914	0.0825925
2.96199	0.0825925	0.0820184
2.96765	0.0820184	0.0817661
2.97049	0.0817661	0.0814204
2.98653	0.0814204	0.0813678
2.99031	0.0813678	0.0811968
2.99692	0.0811968	0.0811722
3.00541	0.0811722	0.0810257
3.01674	0.0810257	0.0808975
3.02713	0.0808975	0.0810353
3.0309	0.0810353	0.0810309
3.03845	0.0810309	0.080902
3.04223	0.080902	0.0809143
3.04695	0.0809143	0.080675
3.05167	0.080675	0.0807156
3.06772	0.0807156	0.0807512
3.07149	0.0807512	0.0807823
3.0781	0.0807823	0.0809345
3.0866	0.0809345	0.0809427
3.09887	0.0809427	0.0810748
3.10831	0.0810748	0.0810655
3.11209	0.0810655	0.0811823
3.12058	0.0811823	0.0812845
3.12436	0.0812845	0.0813739
3.12813	0.0813739	0.0814522
3.13285	0.0814522	0.0813957
3.15079	0.0813957	0.0815962
3.15551	0.0815962	0.0823967
3.16117	0.0823967	0.0833471
3.17061	0.0833471	0.0844287
3.18289	0.0844287	0.0858751
3.19138	0.0858751	0.0867657
3.19516	0.0867657	0.086795
3.2046	0.086795	0.0874456
3.20837	0.0874456	0.0875149
3.21215	0.0875149	0.0875756
3.21593	0.0875756	0.0875036
3.23386	0.0875036	0.0891907
3.23858	0.0891907	0.0890418
3.24425	0.0890418	0.0890366
3.25369	0.0890366	0.089407
3.26501	0.089407	0.0901061
3.27445	0.0901061	0.0903429
3.27823	0.0903429	0.089925
3.28673	0.089925	0.0900594
3.2905	0.0900594	0.089552
3.29522	0.089552	0.089233
3.299	0.089233	0.0888289
3.31693	0.0888289	0.0903502
3.32165	0.0903502	0.0900565
3.32826	0.0900565	0.0900494
3.33204	0.0900494	0.0897932
3.34148	0.0897932	0.0895691
3.35281	0.0895691	0.0892479
3.36319	0.0892479	0.0892169
3.36697	0.0892169	0.0890648
3.37452	0.0890648	0.0889317
3.37829	0.0889317	0.0888153
3.38301	0.0888153	0.0887133
3.38773	0.0887133	0.0887492
3.40567	0.0887492	0.0887805
3.40945	0.0887805	0.088683
3.41794	0.088683	0.0887226
3.42172	0.0887226	0.0887573
3.43021	0.0887573	0.0887876
3.44249	0.0887876	0.0889392
3.45193	0.0889392	0.0888218
3.4557	0.0888218	0.088844
3.4642	0.088844	0.0889885
3.46797	0.0889885	0.08899
3.47175	0.08899	0.0888662
3.47647	0.0888662	0.0888829
3.49441	0.0888829	0.0888976
3.49818	0.0888976	0.0889104
3.50668	0.0889104	0.0889216
3.51045	0.0889216	0.0889314
3.52178	0.0889314	0.08919
3.53405	0.08919	0.0910412
3.54255	0.0910412	0.0921611
3.54633	0.0921611	0.0925159
3.55577	0.0925159	0.0934514
3.55954	0.0934514	0.093645
3.56332	0.093645	0.0939394
3.56709	0.0939394	0.094197
3.58597	0.094197	0.0960473
3.58975	0.0960473	0.0959164
3.5973	0.0959164	0.0963019
3.60108	0.0963019	0.0961391
3.61146	0.0961391	0.0967467
3.62373	0.0967467	0.0974034
3.63317	0.0974034	0.097603
3.63695	0.097603	0.0971526
3.64545	0.0971526	0.0973835
3.64922	0.0973835	0.0969606
3.65394	0.0969606	0.0965905
3.65772	0.0965905	0.0962667
3.6766	0.0962667	0.0978584
3.68037	0.0978584	0.0975011
3.68793	0.0975011	0.0975634
3.6917	0.0975634	0.097118
3.70114	0.097118	0.0974783
3.71341	0.0974783	0.0980435
3.72663	0.0980435	0.098663
3.73041	0.098663	0.0984552
3.73324	0.0984552	0.0982733
3.74079	0.0982733	0.0978641
3.74457	0.0978641	0.0975061
3.74929	0.0975061	0.0973178
3.75401	0.0973178	0.0972781
3.77194	0.0972781	0.0969933
3.77572	0.0969933	0.0967442
3.78421	0.0967442	0.0967761
3.78799	0.0967761	0.0966791
3.79649	0.0966791	0.0964692
3.80876	0.0964692	0.0962856
3.82292	0.0962856	0.0962499
3.82669	0.0962499	0.0962186
3.82953	0.0962186	0.0961913
3.83802	0.0961913	0.0964174
3.8418	0.0964174	0.0964902
3.84557	0.0964902	0.0964289
3.85029	0.0964289	0.0963753
3.86823	0.0963753	0.0964534
3.87201	0.0964534	0.0965217
3.8805	0.0965217	0.0964565
3.88428	0.0964565	0.0965245
3.89372	0.0965245	0.0965839
3.90599	0.0965839	0.0966359
3.91921	0.0966359	0.0966814
3.92393	0.0966814	0.0967212
3.9277	0.0967212	0.0968811
3.93714	0.0968811	0.0982709
3.94092	0.0982709	0.0987371
3.94469	0.0987371	0.0992699
3.94847	0.0992699	0.0997362
3.96735	0.0997362	0.101894
3.97113	0.101894	0.102032
3.97868	0.102032	0.102528
3.98245	0.102528	0.102462
3.99284	0.102462	0.103155
4.00511	0.103155	0.10426
4.01738	0.10426	0.105228
4.02116	0.105228	0.104824
4.02493	0.104824	0.104346
4.03437	0.104346	0.104678
4.03815	0.104678	0.104218
4.04287	0.104218	0.103941
4.04665	0.103941	0.103698
4.06553	0.103698	0.105361
4.0693	0.105361	0.104941
4.07685	0.104941	0.104948
4.08063	0.104948	0.10458
4.09007	0.10458	0.105007
4.10234	0.105007	0.105631
4.11556	0.105631	0.106177
4.11933	0.106177	0.105655
4.12311	0.105655	0.105198
4.13161	0.105198	0.105424
4.13633	0.105424	0.104996
4.1401	0.104996	0.104621
4.14482	0.104621	0.104294
4.14954	0.104294	0.104132
4.16842	0.104132	0.10399
4.1722	0.10399	0.103867
4.18069	0.103867	0.103883
4.18447	0.103883	0.103898
4.19297	0.103898	0.103661
4.20524	0.103661	0.103578
4.2194	0.103578	0.103631
4.22317	0.103631	0.103677
4.22695	0.103677	0.103592
4.2345	0.103592	0.103518
4.23922	0.103518	0.103453
4.243	0.103453	0.103272
4.24772	0.103272	0.103238
4.25338	0.103238	0.103333
4.27226	0.103333	0.103416
4.27604	0.103416	0.103489
4.28453	0.103489	0.103553
4.28831	0.103553	0.103609
4.29775	0.103609	0.103783
4.31002	0.103783	0.103935
4.32324	0.103935	0.103943
4.32701	0.103943	0.10395
4.33079	0.10395	0.103956
4.33929	0.103956	0.104087
4.34401	0.104087	0.104201
4.34684	0.104201	0.104176
4.35156	0.104176	0.104154
4.35722	0.104154	0.104885
4.37893	0.104885	0.107399
4.38271	0.107399	0.107724
4.39026	0.107724	0.108509
4.39404	0.108509	0.108695
4.40442	0.108695	0.109608
4.41669	0.109608	0.110782
4.42897	0.110782	0.111684
4.43274	0.111684	0.111349
4.43652	0.111349	0.111055
4.44596	0.111055	0.111548
4.45068	0.111548	0.11148
4.45257	0.11148	0.111045
4.45729	0.111045	0.111039
4.46201	0.111039	0.111034
4.48466	0.111034	0.11303
4.48844	0.11303	0.112651
4.49599	0.112651	0.112695
4.49977	0.112695	0.112233
4.50921	0.112233	0.112579
4.52148	0.112579	0.113132
4.53469	0.113132	0.11374
4.53847	0.11374	0.113273
4.54225	0.113273	0.112863
4.55074	0.112863	0.113006
4.55546	0.113006	0.11263
4.55829	0.11263	0.112051
4.56301	0.112051	0.11192
4.56773	0.11192	0.11168
4.59039	0.11168	0.11372
4.59511	0.11372	0.11338
4.59889	0.11338	0.112957
4.60644	0.112957	0.112713
4.6121	0.112713	0.112749
4.61965	0.112749	0.112405
4.63193	0.112405	0.112104
4.64609	0.112104	0.112091
4.64986	0.112091	0.111955
4.65364	0.111955	0.111836
4.66119	0.111836	0.111731
4.66591	0.111731	0.111515
4.67063	0.111515	0.111575
4.67346	0.111575	0.111378
4.67818	0.111378	0.111331
4.70084	0.111331	0.111165
4.70556	0.111165	0.111019
4.70933	0.111019	0.111017
4.71689	0.111017	0.11089
4.72255	0.11089	0.110778
4.7301	0.110778	0.110806
4.74237	0.110806	0.11083
4.75653	0.11083	0.110727
4.76314	0.110727	0.111136
4.76975	0.111136	0.111744
4.77447	0.111744	0.111901
4.77825	0.111901	0.112038
4.78202	0.112038	0.112033
4.78769	0.112033	0.112279
4.79241	0.112279	0.112494
4.81129	0.112494	0.112308
4.81695	0.112308	0.112144
4.81978	0.112144	0.111876
4.82733	0.111876	0.111767
4.833	0.111767	0.112296
4.83961	0.112296	0.112884
4.85188	0.112884	0.113898
4.86604	0.113898	0.115161
4.87265	0.115161	0.115266
4.88209	0.115266	0.115733
4.88775	0.115733	0.116016
4.8953	0.116016	0.116639
4.90191	0.116639	0.117434
4.9038	0.117434	0.11788
4.91041	0.11788	0.11852
4.92079	0.11852	0.119705
4.92645	0.119705	0.119117
4.93117	0.119117	0.118602
4.93684	0.118602	0.118402
4.94628	0.118402	0.118477
4.951	0.118477	0.118417
4.96138	0.118417	0.118865
4.97649	0.118865	0.119632
4.98215	0.119632	0.119178
4.99159	0.119178	0.119156
4.99725	0.119156	0.118636
5.00481	0.118636	0.118432
5.01141	0.118432	0.118128
5.0133	0.118128	0.117362
5.02085	0.117362	0.117317
5.03124	0.117317	0.117777
5.03973	0.117777	0.11793
5.04351	0.11793	0.117814
5.04823	0.117814	0.117712
5.05767	0.117712	0.118123
5.06522	0.118123	0.118233
5.07183	0.118233	0.118578
5.07372	0.118578	0.117756
5.08693	0.117756	0.116787
5.10109	0.116787	0.117063
5.10298	0.117063	0.116305
5.11242	0.116305	0.116142
5.12092	0.116142	0.116124
5.1313	0.116124	0.116609
5.13885	0.116609	0.117658
5.14074	0.117658	0.117951
5.15018	0.117951	0.118082
5.15773	0.118082	0.118072
5.16812	0.118072	0.118938
5.17661	0.118938	0.12007
5.1785	0.12007	0.120187
5.18889	0.120187	0.120538
5.19549	0.120538	0.120971
5.20588	0.120971	0.12235
5.20777	0.12235	0.122181
5.21626	0.122181	0.121283
5.2257	0.121283	0.121498
5.23231	0.121498	0.121311
5.24269	0.121311	0.121397
5.24458	0.121397	0.120347
5.25213	0.120347	0.119554
5.26157	0.119554	0.119735
5.27007	0.119735	0.119768
5.27196	0.119768	0.119047
5.2814	0.119047	0.118291
5.29084	0.118291	0.117755
5.29933	0.117755	0.11816
5.30877	0.11816	0.11839
5.31066	0.11839	0.117966
5.31916	0.117966	0.117471
5.3286	0.117471	0.117912
5.33804	0.117912	0.119548
5.34748	0.119548	0.120979
5.34937	0.120979	0.121357
5.35786	0.121357	0.121812
5.3673	0.121812	0.122211
5.37674	0.122211	0.123434
5.37863	0.123434	0.123755
5.38713	0.123755	0.124036
5.39657	0.124036	0.124281
5.40506	0.124281	0.125496
5.4145	0.125496	0.126434
5.41639	0.126434	0.12638
5.42489	0.12638	0.126207
5.43527	0.126207	0.126306
5.44377	0.126306	0.127143
5.45321	0.127143	0.128
5.45509	0.128	0.127875
5.46359	0.127875	0.127516
5.47303	0.127516	0.127326
5.48247	0.127326	0.128036
5.48436	0.128036	0.127906
5.49285	0.127906	0.127543
5.50229	0.127543	0.12735
5.51079	0.12735	0.127931
5.52023	0.127931	0.128565
5.52212	0.128565	0.128244
5.53156	0.128244	0.127964
5.541	0.127964	0.127718
5.54949	0.127718	0.128378
5.55893	0.128378	0.129081
5.56082	0.129081	0.128571
5.57026	0.128571	0.128375
5.57876	0.128375	0.127953
5.5882	0.127953	0.128584
5.59009	0.128584	0.128386
5.59858	0.128386	0.127963
5.60802	0.127963	0.127717
5.61652	0.127717	0.128253
5.6269	0.128253	0.128971
5.62879	0.128971	0.1286
5.63729	0.1286	0.1284
5.64673	0.1284	0.1281
5.65522	0.1281	0.128712
5.65711	0.128712	0.128373
5.66655	0.128373	0.128077
5.67599	0.128077	0.127817
5.68449	0.127817	0.12759
5.69393	0.12759	0.128266
5.69581	0.128266	0.127858
5.70431	0.127858	0.127626
5.71375	0.127626	0.127297
5.72319	0.127297	0.12801
5.73263	0.12801	0.128759
5.73452	0.128759	0.128414
5.74301	0.128414	0.128237
5.75245	0.128237	0.127958
5.76189	0.127958	0.128588
5.76378	0.128588	0.128264
5.77228	0.128264	0.127981
5.78172	0.127981	0.127734
5.79021	0.127734	0.128392
5.79965	0.128392	0.128968
5.80154	0.128968	0.128597
5.81098	0.128597	0.128272
5.82042	0.128272	0.128113
5.82892	0.128113	0.128724
5.83836	0.128724	0.129384
5.84025	0.129384	0.129086
5.84969	0.129086	0.1287
5.85818	0.1287	0.128362
5.86762	0.128362	0.128942
5.86951	0.128942	0.129699
5.87801	0.129699	0.130362
5.88745	0.130362	0.130942
5.89594	0.130942	0.131324
5.90633	0.131324	0.132784
5.90821	0.132784	0.133186
5.91671	0.133186	0.133412
5.92615	0.133412	0.133736
5.93465	0.133736	0.133894
5.93653	0.133894	0.134032
5.94597	0.134032	0.134153
6.09418	0.134153	0.132384
6.1074	0.132384	0.130211
6.11684	0.130211	0.126935
6.12628	0.126935	0.124068
6.13761	0.124068	0.120434
6.14799	0.120434	0.116255
6.15649	0.116255	0.111348
6.16498	0.111348	0.107805
6.17159	0.107805	0.103954
6.18575	0.103954	0.10071
6.19425	0.10071	0.0978711
6.20369	0.0978711	0.0952622
6.21501	0.0952622	0.0931044
6.22634	0.0931044	0.0913414
6.23389	0.0913414	0.0895487
6.24522	0.0895487	0.0884801
6.25089	0.0884801	0.0881701
6.2641	0.0881701	0.0887738
6.27354	0.0887738	0.0886771
6.28393	0.0886771	0.0887175
6.29525	0.0887175	0.0891278
6.30658	0.0891278	0.0893618
6.31319	0.0893618	0.0890666
6.32357	0.0890666	0.0891833
6.33018	0.0891833	0.0886603
6.34245	0.0886603	0.0890778
6.35189	0.0890778	0.0888181
6.36228	0.0888181	0.0888408
6.37361	0.0888408	0.0889857
6.38493	0.0889857	0.0889875
6.39249	0.0889875	0.0886141
6.40193	0.0886141	0.0885373
6.40853	0.0885373	0.0880951
6.42269	0.0880951	0.0885832
6.42647	0.0885832	0.0880103
6.43497	0.0880103	0.087384
6.44535	0.087384	0.086836
6.45762	0.086836	0.0864815
6.46895	0.0864815	0.0861713
6.4765	0.0861713	0.0858999
6.48594	0.0858999	0.0856624
6.49255	0.0856624	0.0854546
6.5086	0.0854546	0.0855228
6.51237	0.0855228	0.0855825
6.52087	0.0855825	0.0856346
6.53125	0.0856346	0.0856803
6.54353	0.0856803	0.0857203
6.55485	0.0857203	0.0857552
6.56241	0.0857552	0.0857858
6.57185	0.0857858	0.0858126
6.57845	0.0858126	0.085836
6.5945	0.085836	0.0858565
6.59922	0.0858565	0.0859995
6.60866	0.0859995	0.0862495
6.6181	0.0862495	0.0877183
6.63037	0.0877183	0.0891285
6.64265	0.0891285	0.0903625
6.6502	0.0903625	0.0910672
6.65964	0.0910672	0.0918088
6.66625	0.0918088	0.0922077
6.68041	0.0922077	0.0934317
6.68607	0.0934317	0.0932527
6.69457	0.0932527	0.0934712
6.70401	0.0934712	0.0937873
6.71628	0.0937873	0.0943139
6.72855	0.0943139	0.0947746
6.7361	0.0947746	0.0946778
6.74554	0.0946778	0.0947181
6.75215	0.0947181	0.0945033
6.76725	0.0945033	0.0953154
6.77197	0.0953154	0.094776
6.78047	0.094776	0.094679
6.79274	0.094679	0.0950941
6.79463	0.0950941	0.0944573
6.8069	0.0944573	0.0939002
6.81917	0.0939002	0.0935376
6.82673	0.0935376	0.0930954
6.83711	0.0930954	0.0929585
6.84372	0.0929585	0.0927137
6.85977	0.0927137	0.0926245
6.86354	0.0926245	0.0925464
6.87204	0.0925464	0.0924781
6.8862	0.0924781	0.0926684
6.88809	0.0926684	0.0928348
6.90036	0.0928348	0.0929805
6.91263	0.0929805	0.0929829
6.92018	0.0929829	0.09311
6.93057	0.09311	0.0930963
6.93717	0.0930963	0.0932092
6.95228	0.0932092	0.0931831
6.957	0.0931831	0.0931602
6.96549	0.0931602	0.0931402
6.97871	0.0931402	0.0929977
6.98154	0.0929977	0.0929979
6.9957	0.0929979	0.0932482
7.00703	0.0932482	0.0949672
7.01458	0.0949672	0.0958463
7.02497	0.0958463	0.0968655
7.03252	0.0968655	0.0975073
7.04668	0.0975073	0.0989439
7.05234	0.0989439	0.0990759
7.06084	0.0990759	0.0996914
7.07311	0.0996914	0.10073
7.07689	0.10073	0.100389
7.08916	0.100389	0.10134
7.10049	0.10134	0.101798
7.10804	0.101798	0.101698
7.11842	0.101698	0.101986
7.12597	0.101986	0.101862
7.14108	0.101862	0.102755
7.1458	0.102755	0.102285
7.15429	0.102285	0.10225
7.16751	0.10225	0.102843
7.17034	0.102843	0.102113
7.18261	0.102113	0.102599
7.19583	0.102599	0.103024
7.20338	0.103024	0.103021
7.20621	0.103021	0.102393
7.2166	0.102393	0.101844
7.22415	0.101844	0.101489
7.24114	0.101489	0.101303
7.24492	0.101303	0.101015
7.25341	0.101015	0.100763
7.26757	0.100763	0.100668
7.26946	0.100668	0.100459
7.28173	0.100459	0.100277
7.29589	0.100277	0.100242
7.30439	0.100242	0.100337
7.30722	0.100337	0.10042
7.31761	0.10042	0.100492
7.32516	0.100492	0.100556
7.34121	0.100556	0.100486
7.34593	0.100486	0.10055
7.35442	0.10055	0.100607
7.36764	0.100607	0.100531
7.37047	0.100531	0.100589
7.38274	0.100589	0.100641
7.3969	0.100641	0.100686
7.4054	0.100686	0.100725
7.40917	0.100725	0.100884
7.4205	0.100884	0.101149
7.42711	0.101149	0.102255
7.44221	0.102255	0.104098
7.44788	0.104098	0.104336
7.45732	0.104336	0.105294
7.46959	0.105294	0.106507
7.47337	0.106507	0.106444
7.48564	0.106444	0.107513
7.4998	0.107513	0.108699
7.50641	0.108699	0.108862
7.51113	0.108862	0.108504
7.52151	0.108504	0.108941
7.52812	0.108941	0.108823
7.54322	0.108823	0.109721
7.54889	0.109721	0.109255
7.55833	0.109255	0.109474
7.57154	0.109474	0.110039
7.57437	0.110039	0.109409
7.58665	0.109409	0.109858
7.60081	0.109858	0.110501
7.60836	0.110501	0.110313
7.61213	0.110313	0.109774
7.62252	0.109774	0.109927
7.62913	0.109927	0.109686
7.64612	0.109686	0.110726
7.64989	0.110726	0.110135
7.65461	0.110135	0.109618
7.66405	0.109618	0.109166
7.67916	0.109166	0.10902
7.68105	0.10902	0.108768
7.69332	0.108768	0.108547
7.70748	0.108547	0.108353
7.71597	0.108353	0.108184
7.71881	0.108184	0.107911
7.72919	0.107911	0.107797
7.7358	0.107797	0.107573
7.75468	0.107573	0.107626
7.75845	0.107626	0.107798
7.76317	0.107798	0.107948
7.77261	0.107948	0.107955
7.78677	0.107955	0.107835
7.78961	0.107835	0.107856
7.80188	0.107856	0.107874
7.81604	0.107874	0.108015
7.82359	0.108015	0.108013
7.82737	0.108013	0.108136
7.83775	0.108136	0.108119
7.84436	0.108119	0.108229
7.86324	0.108229	0.108326
7.86701	0.108326	0.10841
7.87362	0.10841	0.108609
7.88212	0.108609	0.109908
7.89628	0.109908	0.111669
7.90005	0.111669	0.11196
7.91138	0.11196	0.113215
7.92554	0.113215	0.114563
7.93309	0.114563	0.114868
7.93781	0.114868	0.11476
7.94725	0.11476	0.115415
7.95386	0.115415	0.115488
7.9718	0.115488	0.116927
7.97557	0.116927	0.116311
7.98218	0.116311	0.116147
7.99068	0.116147	0.116254
8.00484	0.116254	0.116972
8.00861	0.116972	0.11635
8.01994	0.11635	0.116682
8.03505	0.116682	0.117596
8.0426	0.117596	0.117522
8.04826	0.117522	0.117207
8.05581	0.117207	0.117306
8.06242	0.117306	0.117018
8.08225	0.117018	0.118515
8.08508	0.118515	0.117951
8.09169	0.117951	0.117707
8.09924	0.117707	0.117619
8.11434	0.117619	0.118416
8.11623	0.118416	0.117614
8.12189	0.117614	0.117038
8.13039	0.117038	0.116283
8.14549	0.116283	0.115497
8.15305	0.115497	0.114935
8.15871	0.114935	0.114318
8.17004	0.114318	0.114404
8.17287	0.114404	0.113853
8.19269	0.113853	0.113371
8.20119	0.113371	0.1137
8.20308	0.1137	0.113488
8.20969	0.113488	0.113052
8.22479	0.113052	0.11267
8.22951	0.11267	0.112711
8.23234	0.112711	0.112497
8.24084	0.112497	0.112185
8.25594	0.112185	0.111912
8.26349	0.111912	0.111673
8.26916	0.111673	0.111589
8.28143	0.111589	0.111515
8.28426	0.111515	0.111576
8.30314	0.111576	0.111504
8.31164	0.111504	0.111316
8.31541	0.111316	0.111401
8.32013	0.111401	0.111351
8.33524	0.111351	0.111307
8.3494	0.111307	0.112394
8.35129	0.112394	0.11322
8.35789	0.11322	0.114692
8.36545	0.114692	0.115981
8.373	0.115981	0.116108
8.37961	0.116108	0.116095
8.39093	0.116095	0.116708
8.39849	0.116708	0.116744
8.41265	0.116744	0.118151
8.42114	0.118151	0.118132
8.42681	0.118132	0.117741
8.43625	0.117741	0.118148
8.44474	0.118148	0.11888
8.4589	0.11888	0.119395
8.46079	0.119395	0.118345
8.46645	0.118345	0.117927
8.47306	0.117927	0.117686
8.47873	0.117686	0.117101
8.48439	0.117101	0.116463
8.49477	0.116463	0.11628
8.50044	0.11628	0.115495
8.51082	0.115495	0.115058
8.51837	0.115058	0.113926
8.52215	0.113926	0.11231
8.53065	0.11231	0.111271
8.53914	0.111271	0.110237
8.5533	0.110237	0.110083
8.55519	0.110083	0.108447
8.56085	0.108447	0.107392
8.56841	0.107392	0.106718
8.57407	0.106718	0.106003
8.57879	0.106003	0.105253
8.58257	0.105253	0.104346
8.59295	0.104346	0.103553
8.59861	0.103553	0.102859
8.609	0.102859	0.102251
8.61655	0.102251	0.10172
8.62033	0.10172	0.101255
8.62977	0.101255	0.100973
8.63732	0.100973	0.100601
8.65053	0.100601	0.100151
8.65242	0.100151	0.0997573
8.65903	0.0997573	0.0996627
8.66753	0.0996627	0.0995798
8.67319	0.0995798	0.0995073
8.67791	0.0995073	0.0994439
8.68263	0.0994439	0.0995134
8.69207	0.0995134	0.0995743
8.69868	0.0995743	0.0996275
8.70906	0.0996275	0.099799
8.71661	0.099799	0.0998242
8.72039	0.0998242	0.0998461
8.72983	0.0998461	0.0998654
8.73738	0.0998654	0.0998822
8.7506	0.0998822	0.0998969
8.75249	0.0998969	0.0999098
8.75909	0.0999098	0.0999211
8.76759	0.0999211	0.0999309
8.7742	0.0999309	0.100065
8.77797	0.100065	0.100057
8.78364	0.100057	0.100174
8.79402	0.100174	0.101653
8.79969	0.101653	0.102321
8.81101	0.102321	0.103656
8.81951	0.103656	0.104449
8.82329	0.104449	0.104768
8.83178	0.104768	0.105547
8.84028	0.105547	0.106228
8.85349	0.106228	0.10745
8.85538	0.10745	0.107144
8.86105	0.107144	0.107376
8.87049	0.107376	0.107829
8.87521	0.107829	0.10785
8.87993	0.10785	0.107494
8.88559	0.107494	0.107557
8.89503	0.107557	0.108113
8.90069	0.108113	0.107848
8.91202	0.107848	0.108492
8.91957	0.108492	0.108431
8.92335	0.108431	0.107877
8.93185	0.107877	0.107892
8.94034	0.107892	0.108031
8.95356	0.108031	0.108652
8.95545	0.108652	0.10782
8.96111	0.10782	0.107593
8.97055	0.107593	0.107769
8.97527	0.107769	0.107423
8.97999	0.107423	0.106995
8.98565	0.106995	0.10687
8.99604	0.10687	0.107387
9.00265	0.107387	0.107338
9.00548	0.107338	0.107046
9.01586	0.107046	0.10654
9.02341	0.10654	0.106223
9.02719	0.106223	0.105945
9.03663	0.105945	0.105827
9.04513	0.105827	0.105723
9.05834	0.105723	0.105633
9.06023	0.105633	0.105554
9.06684	0.105554	0.105485
9.07533	0.105485	0.105424
9.081	0.105424	0.105371
9.08572	0.105371	0.10545
9.09044	0.10545	0.105393
9.10177	0.105393	0.105344
9.10932	0.105344	0.105551
9.11309	0.105551	0.105857
9.12253	0.105857	0.106
9.13009	0.106	0.106125
9.13481	0.106125	0.106235
9.14425	0.106235	0.106455
9.15274	0.106455	0.106523
9.16596	0.106523	0.106583
9.16785	0.106583	0.106635
9.17445	0.106635	0.106806
9.18295	0.106806	0.10683
9.18861	0.10683	0.106976
9.19333	0.106976	0.107104
9.19805	0.107104	0.107216
9.20938	0.107216	0.107314
9.21693	0.107314	0.107275
9.22071	0.107275	0.107241
9.23109	0.107241	0.10746
9.23959	0.10746	0.107653
9.24337	0.107653	0.108321
9.25281	0.108321	0.109531
9.26225	0.109531	0.11059
9.27546	0.11059	0.112141
9.27735	0.112141	0.112123
9.28396	0.112123	0.112608
9.2934	0.112608	0.113407
9.29906	0.113407	0.113856
9.30284	0.113856	0.113874
9.3085	0.113874	0.114015
9.31889	0.114015	0.114763
9.32738	0.114763	0.115168
9.33116	0.115168	0.115147
9.3406	0.115147	0.115753
9.34815	0.115753	0.115909
9.35193	0.115909	0.115421
9.36137	0.115421	0.115743
9.37081	0.115743	0.116025
9.38402	0.116025	0.116772
9.38591	0.116772	0.115925
9.39157	0.115925	0.115685
9.40101	0.115685	0.115974
9.40668	0.115974	0.115602
9.41045	0.115602	0.115027
9.41612	0.115027	0.114899
9.4265	0.114899	0.115286
9.435	0.115286	0.115376
9.43877	0.115376	0.114829
9.44821	0.114829	0.1151
9.45671	0.1151	0.115213
9.46049	0.115213	0.114811
9.47087	0.114811	0.115335
9.47276	0.115335	0.114793
9.48125	0.114793	0.114319
9.49447	0.114319	0.113779
9.4973	0.113779	0.113556
9.50202	0.113556	0.113237
9.51241	0.113237	0.112957
9.51713	0.112957	0.112713
9.52751	0.112713	0.113249
9.53129	0.113249	0.113467
9.53789	0.113467	0.113159
9.54545	0.113159	0.112889
9.55205	0.112889	0.113028
9.55866	0.113028	0.11265
9.56716	0.11265	0.112443
9.58037	0.112443	0.113388
9.58226	0.113388	0.113214
9.58981	0.113214	0.113688
9.59737	0.113688	0.113977
9.60492	0.113977	0.11348
9.61908	0.11348	0.114545
9.62097	0.114545	0.114977
9.62852	0.114977	0.115104
9.63701	0.115104	0.115716
9.64551	0.115716	0.116002
9.65306	0.116002	0.116752
9.65495	0.116752	0.116783
9.66439	0.116783	0.11706
9.66911	0.11706	0.117052
9.67949	0.117052	0.117546
9.68799	0.117546	0.117853
9.69082	0.117853	0.116871
9.69649	0.116871	0.116512
9.70026	0.116512	0.115823
9.71537	0.115823	0.116095
9.71725	0.116095	0.115708
9.72858	0.115708	0.116745
9.73047	0.116745	0.116027
9.73802	0.116027	0.116273
9.74746	0.116273	0.116614
9.75596	0.116614	0.116787
9.76257	0.116787	0.116814
9.76445	0.116814	0.116087
9.77389	0.116087	0.116451
9.77956	0.116451	0.11627
9.789	0.11627	0.116611
9.79844	0.116611	0.11691
9.80505	0.11691	0.117046
9.80693	0.117046	0.116915
9.81543	0.116915	0.117176
9.82487	0.117176	0.118029
9.82676	0.118029	0.11715
9.83809	0.11715	0.117631
9.83997	0.117631	0.116803
9.84753	0.116803	0.116827
9.85697	0.116827	0.116974
9.86546	0.116974	0.117102
9.87207	0.117102	0.117089
9.87396	0.117089	0.116328
9.8834	0.116328	0.116662
9.88906	0.116662	0.116579
9.89945	0.116579	0.117007
9.90794	0.117007	0.117256
9.91549	0.117256	0.117224
9.91738	0.117224	0.116571
9.92493	0.116571	0.11675
9.93437	0.11675	0.117031
9.93626	0.117031	0.116402
9.94759	0.116402	0.116977
9.94948	0.116977	0.11623
9.95797	0.11623	0.116451
9.96741	0.116451	0.116895
9.97591	0.116895	0.117158
9.9778	0.117158	0.116513
9.98724	0.116513	0.116324
9.99573	0.116324	0.117033
10.0052	0.117033	0.117654
10.0137	0.117654	0.118447
10.0156	0.118447	0.118142
10.025	0.118142	0.117999
10.0344	0.117999	0.118124
10.042	0.118124	0.118858
10.0439	0.118858	0.118876
10.0543	0.118876	0.119017
10.0628	0.119017	0.11989
10.0722	0.11989	0.120528
10.0816	0.120528	0.121962
10.0835	0.121962	0.122467
10.092	0.122467	0.122784
10.1005	0.122784	0.123061
10.11	0.123061	0.124178
10.1194	0.124178	0.125156
10.1213	0.125156	0.125261
10.1298	0.125261	0.125104
10.1383	0.125104	0.125091
10.1468	0.125091	0.125829
10.1487	0.125829	0.125601
10.1562	0.125601	0.125151
10.1666	0.125151	0.125132
10.1751	0.125132	0.12599
10.1836	0.12599	0.126367
10.1855	0.126367	0.125946
10.193	0.125946	0.125328
10.2025	0.125328	0.124787
10.211	0.124787	0.125063
10.2214	0.125063	0.125555
10.2232	0.125555	0.125236
10.2308	0.125236	0.125831
10.2412	0.125831	0.126603
10.2497	0.126603	0.127027
10.2516	0.127027	0.127399
10.261	0.127399	0.127849
10.2695	0.127849	0.128243
10.2789	0.128243	0.128712
10.2874	0.128712	0.129998
10.2893	0.129998	0.130374
10.4385	0.130374	0.129327
10.4489	0.129327	0.127161
10.4592	0.127161	0.124391
10.4696	0.124391	0.121967
10.4819	0.121967	0.119096
10.4894	0.119096	0.115209
10.4989	0.115209	0.110433
10.5046	0.110433	0.106754
10.5112	0.106754	0.102535
10.5215	0.102535	0.0988428
10.5319	0.0988428	0.0954875
10.5433	0.0954875	0.0928015
10.5555	0.0928015	0.0904513
10.5631	0.0904513	0.0883949
10.5716	0.0883949	0.0864706
10.5782	0.0864706	0.0849117
10.5848	0.0849117	0.0842978
10.5961	0.0842978	0.0843855
10.6074	0.0843855	0.0845874
10.6178	0.0845874	0.0847639
10.631	0.0847639	0.0851684
10.6386	0.0851684	0.0848974
10.648	0.0848974	0.0849102
10.6537	0.0849102	0.0845464
10.6603	0.0845464	0.0842281
10.6707	0.0842281	0.0844496
10.6811	0.0844496	0.0845184
10.6915	0.0845184	0.0844536
10.7047	0.0844536	0.0847719
10.7122	0.0847719	0.0843004
10.7217	0.0843004	0.0841379
10.7273	0.0841379	0.0834956
10.7349	0.0834956	0.0831837
10.7453	0.0831837	0.0834107
10.7481	0.0834107	0.0827344
10.7585	0.0827344	0.0820176
10.7698	0.0820176	0.0815154
10.784	0.0815154	0.081201
10.7915	0.081201	0.0809258
10.8	0.0809258	0.0806851
10.8057	0.0806851	0.0803495
10.8132	0.0803495	0.0801808
10.8246	0.0801808	0.0800332
10.8283	0.0800332	0.080029
10.8387	0.080029	0.0800254
10.851	0.0800254	0.0801472
10.8652	0.0801472	0.0803788
10.8727	0.0803788	0.0804565
10.8812	0.0804565	0.0805244
10.8869	0.0805244	0.0805839
10.8944	0.0805839	0.0806359
10.9058	0.0806359	0.0806814
10.9095	0.0806814	0.0807212
10.9209	0.0807212	0.0808811
10.9322	0.0808811	0.0825209
10.9473	0.0825209	0.0843308
10.9548	0.0843308	0.0849145
10.9652	0.0849145	0.0859252
10.9709	0.0859252	0.0863095
10.9784	0.0863095	0.0870208
10.9888	0.0870208	0.0878932
10.9926	0.0878932	0.0877816
11.003	0.0877816	0.0884339
11.0143	0.0884339	0.0891296
11.0285	0.0891296	0.0899884
11.037	0.0899884	0.0898649
11.0464	0.0898649	0.0901318
11.0521	0.0901318	0.0897403
11.0596	0.0897403	0.0896478
11.07	0.0896478	0.0899418
11.0738	0.0899418	0.0893241
11.0842	0.0893241	0.0896586
11.0964	0.0896586	0.0902012
11.1002	0.0902012	0.0896761
11.1134	0.0896761	0.0890916
11.1229	0.0890916	0.0887051
11.1314	0.0887051	0.088242
11.138	0.088242	0.0878367
11.1455	0.0878367	0.0876071
11.1569	0.0876071	0.0874062
11.1606	0.0874062	0.0873555
11.171	0.0873555	0.087311
11.1842	0.087311	0.0873972
11.188	0.0873972	0.0874725
11.2012	0.0874725	0.0875384
11.2107	0.0875384	0.0875961
11.2201	0.0875961	0.0877716
11.2267	0.0877716	0.0879252
11.2343	0.0879252	0.0880595
11.2456	0.0880595	0.0881771
11.2494	0.0881771	0.0882799
11.2598	0.0882799	0.088245
11.273	0.088245	0.0882143
11.2758	0.0882143	0.0880625
11.2909	0.0880625	0.0881797
11.2994	0.0881797	0.0894073
11.3098	0.0894073	0.0906063
11.3173	0.0906063	0.0914056
11.3249	0.0914056	0.0922299
11.3362	0.0922299	0.0934511
11.34	0.0934511	0.0935197
11.3504	0.0935197	0.0944548
11.3636	0.0944548	0.0956479
11.3674	0.0956479	0.0955669
11.3806	0.0955669	0.0967461
11.39	0.0967461	0.0971528
11.3995	0.0971528	0.0975087
11.407	0.0975087	0.0975701
11.4146	0.0975701	0.0974989
11.425	0.0974989	0.0978115
11.4287	0.0978115	0.0970851
11.4391	0.0970851	0.0974494
11.4523	0.0974494	0.0980182
11.4561	0.0980182	0.097391
11.4693	0.097391	0.0979671
11.4788	0.0979671	0.0979712
11.4891	0.0979712	0.0980998
11.492	0.0980998	0.0973373
11.4986	0.0973373	0.0965452
11.5061	0.0965452	0.095977
11.5184	0.095977	0.0957299
11.5222	0.0957299	0.0955137
11.5335	0.0955137	0.0953244
11.5467	0.0953244	0.0951589
11.5496	0.0951589	0.094889
11.5637	0.094889	0.0947779
11.5722	0.0947779	0.0946807
11.5835	0.0946807	0.0945956
11.5873	0.0945956	0.0947711
11.5939	0.0947711	0.0947997
11.6015	0.0947997	0.0948248
11.6147	0.0948248	0.0949717
11.6185	0.0949717	0.0951002
11.6298	0.0951002	0.0952127
11.643	0.0952127	0.0954361
11.6458	0.0954361	0.0955066
11.66	0.0955066	0.0956933
11.6685	0.0956933	0.0957316
11.6798	0.0957316	0.0957652
11.6836	0.0957652	0.0957945
11.6912	0.0957945	0.0960702
11.6978	0.0960702	0.0970614
11.7119	0.0970614	0.0986787
11.7157	0.0986787	0.0989689
11.727	0.0989689	0.100223
11.7412	0.100223	0.101695
11.745	0.101695	0.101608
11.7582	0.101608	0.103032
11.7676	0.103032	0.103528
11.778	0.103528	0.104337
11.7818	0.104337	0.104045
11.7884	0.104045	0.104164
11.7959	0.104164	0.104144
11.8092	0.104144	0.105126
11.812	0.105126	0.104485
11.8233	0.104485	0.104924
11.8375	0.104924	0.105559
11.8413	0.105559	0.104864
11.8545	0.104864	0.105506
11.8639	0.105506	0.105443
11.8743	0.105443	0.105637
11.8781	0.105637	0.104933
11.8847	0.104933	0.104691
11.8922	0.104691	0.104605
11.9064	0.104605	0.105404
11.9092	0.105404	0.104729
11.9121	0.104729	0.104263
11.9234	0.104263	0.10373
11.9385	0.10373	0.103389
11.9413	0.103389	0.102965
11.9564	0.102965	0.102844
11.9649	0.102844	0.102614
11.9762	0.102614	0.102537
11.98	0.102537	0.10247
11.9866	0.10247	0.102411
11.9932	0.102411	0.102235
12.0083	0.102235	0.102205
12.0121	0.102205	0.102305
12.015	0.102305	0.102267
12.0263	0.102267	0.102358
12.0423	0.102358	0.102564
12.0442	0.102564	0.102618
12.0603	0.102618	0.102791
12.0688	0.102791	0.102942
12.0801	0.102942	0.103074
12.0839	0.103074	0.103065
12.0905	0.103065	0.103182
12.0971	0.103182	0.103284
12.1122	0.103284	0.103374
12.1169	0.103374	0.103452
12.1188	0.103452	0.10352
12.1301	0.10352	0.10508
12.1471	0.10508	0.10707
12.1499	0.10707	0.107062
12.166	0.107062	0.108804
12.1754	0.108804	0.109578
12.1858	0.109578	0.110506
12.1896	0.110506	0.110318
12.1962	0.110318	0.110653
12.2038	0.110653	0.110946
12.2179	0.110946	0.112078
12.2217	0.112078	0.111693
12.2245	0.111693	0.111232
12.2349	0.111232	0.111828
12.251	0.111828	0.112849
12.2547	0.112849	0.112118
12.2698	0.112118	0.113103
12.2793	0.113103	0.113215
12.2897	0.113215	0.113313
12.2934	0.113313	0.112649
12.3	0.112649	0.112443
12.3076	0.112443	0.112263
12.3218	0.112263	0.11298
12.3255	0.11298	0.112357
12.3284	0.112357	0.111688
12.3387	0.111688	0.111977
12.3557	0.111977	0.113105
12.3595	0.113105	0.112592
12.3614	0.112592	0.111893
12.3774	0.111893	0.111406
12.3869	0.111406	0.110855
12.3992	0.110855	0.110748
12.4029	0.110748	0.11053
12.4095	0.11053	0.110339
12.4162	0.110339	0.110171
12.4313	0.110171	0.11015
12.435	0.11015	0.110131
12.4369	0.110131	0.109865
12.4482	0.109865	0.109882
12.4662	0.109882	0.110021
12.469	0.110021	0.110019
12.4718	0.110019	0.110016
12.4879	0.110016	0.110014
12.4973	0.110014	0.110138
12.5096	0.110138	0.11012
12.5143	0.11012	0.110355
12.52	0.110355	0.110311
12.5285	0.110311	0.110522
12.5417	0.110522	0.110457
12.5464	0.110457	0.110525
12.5483	0.110525	0.110709
12.5587	0.110709	0.11062
12.5776	0.11062	0.110668
12.5814	0.110668	0.110834
12.5832	0.110834	0.11098
12.5983	0.11098	0.112983
12.6068	0.112983	0.113735
12.6191	0.113735	0.114768
12.6238	0.114768	0.114672
12.6304	0.114672	0.114838
12.638	0.114838	0.115233
12.6522	0.115233	0.116329
12.6578	0.116329	0.116288
12.6597	0.116288	0.115877
12.6682	0.115877	0.116392
12.6871	0.116392	0.117968
12.6927	0.117968	0.117597
12.6994	0.117597	0.117648
12.7088	0.117648	0.118567
12.7173	0.118567	0.118621
12.7286	0.118621	0.119043
12.7333	0.119043	0.118413
12.7399	0.118413	0.118111
12.7475	0.118111	0.117972
12.7617	0.117972	0.118726
12.7673	0.118726	0.11826
12.7692	0.11826	0.117478
12.7777	0.117478	0.117543
12.7966	0.117543	0.11885
12.8032	0.11885	0.118494
12.8089	0.118494	0.118182
12.8183	0.118182	0.118284
12.8268	0.118284	0.118249
12.8381	0.118249	0.118593
12.84	0.118593	0.117769
12.8466	0.117769	0.117172
12.8542	0.117172	0.116901
12.8589	0.116901	0.116163
12.8721	0.116163	0.115518
12.8797	0.115518	0.115078
12.8863	0.115078	0.115318
12.8938	0.115318	0.115404
12.907	0.115404	0.114853
12.9136	0.114853	0.114246
12.924	0.114246	0.114466
12.9287	0.114466	0.113907
12.9372	0.113907	0.113544
12.9486	0.113544	0.113101
12.9571	0.113101	0.113588
12.959	0.113588	0.11339
12.9656	0.11339	0.113091
12.9759	0.113091	0.11358
12.9826	0.11358	0.113132
12.9901	0.113132	0.112866
13.0043	0.112866	0.113508
13.0062	0.113508	0.113444
13.0175	0.113444	0.113014
13.0241	0.113014	0.112762
13.0345	0.112762	0.112417
13.0411	0.112417	0.11249
13.0477	0.11249	0.112178
13.059	0.112178	0.112031
13.0675	0.112031	0.111777
13.076	0.111777	0.112555
13.0779	0.112555	0.113361
13.0854	0.113361	0.114191
13.0949	0.114191	0.114792
13.1006	0.114792	0.115193
13.1138	0.115193	0.116169
13.1157	0.116169	0.115523
13.127	0.115523	0.116082
13.1326	0.116082	0.115947
13.1411	0.115947	0.116079
13.1459	0.116079	0.115444
13.1525	0.115444	0.114888
13.161	0.114888	0.114652
13.1657	0.114652	0.113571
13.1761	0.113571	0.112999
13.178	0.112999	0.111499
13.1855	0.111499	0.111062
13.1931	0.111062	0.110679
13.1987	0.110679	0.109844
13.2129	0.109844	0.110114
13.2157	0.110114	0.1091
13.2252	0.1091	0.109212
13.2308	0.109212	0.108561
13.2393	0.108561	0.108366
13.244	0.108366	0.107695
13.2506	0.107695	0.107358
13.2591	0.107358	0.107313
13.2639	0.107313	0.106774
13.2733	0.106774	0.106927
13.2752	0.106927	0.105936
13.2827	0.105936	0.105819
13.2856	0.105819	0.105092
13.2931	0.105092	0.104455
13.2988	0.104455	0.103899
13.3148	0.103899	0.103661
13.3167	0.103661	0.103329
13.3262	0.103329	0.103037
13.3318	0.103037	0.102783
13.3413	0.102783	0.102685
13.345	0.102685	0.102474
13.3526	0.102474	0.102415
13.3602	0.102415	0.102238
13.3658	0.102238	0.102208
13.3753	0.102208	0.102182
13.3771	0.102182	0.10216
13.3847	0.10216	0.10214
13.3885	0.10214	0.102247
13.396	0.102247	0.102341
13.4017	0.102341	0.102424
13.4187	0.102424	0.102621
13.4206	0.102621	0.102793
13.43	0.102793	0.102944
13.4357	0.102944	0.103076
13.4451	0.103076	0.103191
13.4489	0.103191	0.103168
13.4564	0.103168	0.103272
13.464	0.103272	0.103238
13.4706	0.103238	0.103458
13.48	0.103458	0.103651
13.4819	0.103651	0.103694
13.4895	0.103694	0.103858
13.4933	0.103858	0.104
13.5008	0.104	0.104
13.5065	0.104	0.104125
13.5235	0.104125	0.10636
13.5263	0.10636	0.106565
13.5367	0.106565	0.107744
13.5423	0.107744	0.108276
13.5508	0.108276	0.109117
13.5556	0.109117	0.109227
13.5631	0.109227	0.109949
13.5707	0.109949	0.110455
13.5763	0.110455	0.110773
13.5858	0.110773	0.111302
13.5877	0.111302	0.110764
13.5952	0.110764	0.111168
13.598	0.111168	0.110897
13.6065	0.110897	0.11116
13.6122	0.11116	0.111265
13.6273	0.111265	0.112482
13.6311	0.112482	0.111922
13.6405	0.111922	0.112182
13.6462	0.112182	0.111909
13.6547	0.111909	0.11192
13.6594	0.11192	0.111555
13.667	0.111555	0.111486
13.6745	0.111486	0.111425
13.6802	0.111425	0.111247
13.6896	0.111247	0.111466
13.6915	0.111466	0.110783
13.7	0.110783	0.110935
13.7028	0.110935	0.110443
13.7113	0.110443	0.110763
13.717	0.110763	0.110667
13.733	0.110667	0.111959
13.7368	0.111959	0.111589
13.7396	0.111589	0.11114
13.7481	0.11114	0.110748
13.7538	0.110748	0.110279
13.7642	0.110279	0.110244
13.768	0.110244	0.109964
13.7755	0.109964	0.109843
13.7831	0.109843	0.109738
13.7887	0.109738	0.109521
13.7982	0.109521	0.109456
13.8001	0.109456	0.109399
13.8095	0.109399	0.109474
13.8133	0.109474	0.109665
13.8208	0.109665	0.109582
13.8265	0.109582	0.109634
13.8454	0.109634	0.10993
13.8473	0.10993	0.110063
13.8491	0.110063	0.110055
13.8586	0.110055	0.110049
13.8652	0.110049	0.110292
13.8756	0.110292	0.110381
13.8794	0.110381	0.110583
13.8869	0.110583	0.110635
13.8935	0.110635	0.110556
13.9001	0.110556	0.110736
13.9086	0.110736	0.110644
13.9133	0.110644	0.110939
13.9209	0.110939	0.110947
13.9247	0.110947	0.110953
13.936	0.110953	0.111459
13.9379	0.111459	0.111402
13.9568	0.111402	0.111351
13.9586	0.111351	0.111308
13.9605	0.111308	0.111269
13.969	0.111269	0.111235
13.9794	0.111235	0.111581
13.9851	0.111581	0.112633
13.9917	0.112633	0.113054
13.9983	0.113054	0.113797
14.0096	0.113797	0.114948
14.0153	0.114948	0.115829
14.0191	0.115829	0.116226
14.0294	0.116226	0.116822
14.0361	0.116822	0.117595
14.0446	0.117595	0.118395
14.053	0.118395	0.119721
14.0549	0.119721	0.119631
14.0663	0.119631	0.120802
14.0682	0.120802	0.119702
14.0729	0.119702	0.118989
14.0804	0.118989	0.119115
14.0899	0.119115	0.119226
14.0946	0.119226	0.118698
14.1012	0.118698	0.11836
14.1106	0.11836	0.11844
14.1191	0.11844	0.11876
14.1276	0.11876	0.118665
14.1295	0.118665	0.118082
14.139	0.118082	0.118197
14.1465	0.118197	0.118047
14.155	0.118047	0.118041
14.1635	0.118041	0.118161
14.1654	0.118161	0.117391
14.1758	0.117391	0.117842
14.1777	0.117842	0.116987
14.1833	0.116987	0.116739
14.1956	0.116739	0.117521
14.2013	0.117521	0.117956
14.205	0.117956	0.117712
14.2135	0.117712	0.117873
14.222	0.117873	0.118264
14.2315	0.118264	0.118606
14.239	0.118606	0.11878
14.2409	0.11878	0.118057
14.2513	0.118057	0.11855
14.2607	0.11855	0.118981
14.2664	0.118981	0.119109
14.273	0.119109	0.11897
14.2815	0.11897	0.118849
14.2862	0.118849	0.119118
14.2966	0.119118	0.119353
14.306	0.119353	0.120559
14.3079	0.120559	0.120989
14.3155	0.120989	0.120865
14.323	0.120865	0.121007
14.3334	0.121007	0.121881
14.3429	0.121881	0.122771
14.3447	0.122771	0.122675
14.3514	0.122675	0.12234
14.3598	0.12234	0.122048
14.3683	0.122048	0.122792
14.3702	0.122792	0.122318
14.3806	0.122318	0.122028
14.3872	0.122028	0.1219
14.3948	0.1219	0.121912
14.4023	0.121912	0.121798
14.4042	0.121798	0.121323
14.4127	0.121323	0.120658
14.4212	0.120658	0.119951
14.4306	0.119951	0.120332
14.4382	0.120332	0.120665
14.442	0.120665	0.120332
14.4495	0.120332	0.119791
14.4533	0.119791	0.118692
14.4609	0.118692	0.118355
14.4627	0.118355	0.117436
14.4712	0.117436	0.116756
14.4816	0.116756	0.117412
14.4892	0.117412	0.11786
14.4996	0.11786	0.119253
14.5014	0.119253	0.119471
14.5071	0.119471	0.119537
14.5166	0.119537	0.119845
14.5232	0.119845	0.11999
14.5335	0.11999	0.121116
14.5354	0.121116	0.121351
14.5439	0.121351	0.121432
14.5524	0.121432	0.121503
14.5619	0.121503	0.12169
14.5638	0.12169	0.121729
14.5713	0.121729	0.121763
14.5807	0.121763	0.122418
14.5864	0.122418	0.122865
14.5996	0.122865	0.124632
14.6015	0.124632	0.125303
14.61	0.125303	0.125765
14.6166	0.125765	0.12592
14.6251	0.12592	0.12593
14.627	0.12593	0.125813
14.6336	0.125813	0.125837
14.644	0.125837	0.125982
14.6525	0.125982	0.126359
14.6629	0.126359	0.126689
14.6648	0.126689	0.126978
14.6723	0.126978	0.127231
14.6808	0.127231	0.127327
14.6865	0.127327	0.127036
14.6931	0.127036	0.127407
14.695	0.127407	0.126856
14.7025	0.126856	0.126249
14.712	0.126249	0.126093
14.7195	0.126093	0.125331
14.7214	0.125331	0.124665
14.7242	0.124665	0.123332
14.7261	0.123332	0.121665
14.7318	0.121665	0.119707
14.7337	0.119707	0.118119
14.7384	0.118119	0.116479
14.745	0.116479	0.114544
14.7507	0.114544	0.112476
14.7601	0.112476	0.110666
14.762	0.110666	0.108958
14.7695	0.108958	0.107463
14.7743	0.107463	0.10578
14.779	0.10578	0.104058
14.7837	0.104058	0.102301
14.7856	0.102301	0.100888
14.7922	0.100888	0.0995271
14.7998	0.0995271	0.0980862
14.8082	0.0980862	0.0969504
14.8101	0.0969504	0.0959566
14.812	0.0959566	0.094962
14.8149	0.094962	0.0940918
14.8196	0.0940918	0.0933303
14.8215	0.0933303	0.092664
14.8262	0.092664	0.092081
14.8328	0.092081	0.0915709
14.8394	0.0915709	0.0912495
14.8479	0.0912495	0.0907183
14.8507	0.0907183	0.0905035
14.8583	0.0905035	0.0903156
14.8649	0.0903156	0.0902761
14.8687	0.0902761	0.0902416
14.8743	0.0902416	0.0903364
14.8762	0.0903364	0.0904194
14.8828	0.0904194	0.090367
14.8894	0.090367	0.0903211
14.8998	0.0903211	0.0904059
14.9017	0.0904059	0.0904802
14.9036	0.0904802	0.0905452
14.9064	0.0905452	0.090727
14.9111	0.090727	0.0908861
14.913	0.0908861	0.0910254
14.9168	0.0910254	0.0915222
14.9244	0.0915222	0.0923319
14.93	0.0923319	0.0930404
14.9395	0.0930404	0.0939104
14.9414	0.0939104	0.0939216
14.9489	0.0939216	0.0944314
14.9546	0.0944314	0.0946275
14.9583	0.0946275	0.094549
14.964	0.094549	0.0947304
14.9659	0.0947304	0.0942641
14.9716	0.0942641	0.0943561
14.9791	0.0943561	0.0946866
14.9886	0.0946866	0.0952258
14.9904	0.0952258	0.0946975
14.9923	0.0946975	0.0942353
14.9952	0.0942353	0.0939559
14.9999	0.0939559	0.0938364
