1.01423	0	0.014
1.05313	0.014	0.017125
1.09089	0.017125	0.0244844
1.13714	0.0244844	0.0367988
1.13903	0.0367988	0.047824
1.19189	0.047824	0.063971
1.24381	0.063971	0.0845996
1.28535	0.0845996	0.103025
1.28724	0.103025	0.114772
1.33916	0.114772	0.125675
2.75881	0.125675	0.148591
2.86938	0.148591	0.143892
2.97983	0.143892	0.139655
3.08933	0.139655	0.149698
3.09122	0.149698	0.144986
3.19978	0.144986	0.140613
3.24698	0.140613	0.142411
3.31023	0.142411	0.138485
3.35932	0.138485	0.135299
3.41973	0.135299	0.140012
3.46882	0.140012	0.14226
3.51885	0.14226	0.144353
3.56039	0.144353	0.143934
3.61703	0.143934	0.144567
3.61986	0.144567	0.139121
3.66706	0.139121	0.135106
3.71993	0.135106	0.130968
3.72181	0.130968	0.127347
3.76996	0.127347	0.124178
3.82188	0.124178	0.121406
3.82377	0.121406	0.11898
3.87946	0.11898	0.117858
3.93138	0.117858	0.123376
3.93327	0.123376	0.121954
3.98991	0.121954	0.127459
4.04089	0.127459	0.131652
4.04277	0.131652	0.129071
4.09941	0.129071	0.133687
4.15228	0.133687	0.137351
4.15417	0.137351	0.134432
4.19853	0.134432	0.137128
4.20986	0.137128	0.133737
4.26273	0.133737	0.13077
4.29765	0.13077	0.132299
4.30898	0.132299	0.129511
4.39111	0.129511	0.136072
4.393	0.136072	0.135313
4.43359	0.135313	0.135399
4.48362	0.135399	0.140349
4.53271	0.140349	0.150806
4.5818	0.150806	0.155705
4.58841	0.155705	0.160742
4.64033	0.160742	0.166524
4.69413	0.166524	0.172084
4.74228	0.172084	0.176823
4.79231	0.176823	0.181095
4.79892	0.181095	0.184708
4.85178	0.184708	0.187995
4.89521	0.187995	0.18962
4.9509	0.18962	0.191918
4.95279	0.191918	0.187928
4.99527	0.187928	0.189062
5.04247	0.189062	0.189304
5.08589	0.189304	0.189391
5.13687	0.189391	0.188967
5.13876	0.188967	0.188596
5.18501	0.188596	0.188772
5.23505	0.188772	0.1893
5.28791	0.1893	0.190888
5.2898	0.190888	0.186152
5.33605	0.186152	0.187883
5.68722	0.187883	0.189523
5.68911	0.189523	0.179832
5.79767	0.179832	0.171103
5.83732	0.171103	0.168215
5.90717	0.168215	0.174438
5.94682	0.174438	0.171259
6.01857	0.171259	0.172476
6.05727	0.172476	0.169667
6.12429	0.169667	0.170708
6.12713	0.170708	0.162995
6.163	0.162995	0.155745
6.23002	0.155745	0.149527
6.2338	0.149527	0.144086
6.26873	0.144086	0.139326
6.33953	0.139326	0.135535
6.3433	0.135535	0.132343
6.37917	0.132343	0.129675
6.44903	0.129675	0.136091
6.47924	0.136091	0.136579
6.51417	0.136579	0.140882
6.55853	0.140882	0.145647
6.60196	0.145647	0.146441
6.63594	0.146441	0.147636
6.67276	0.147636	0.148931
6.71052	0.148931	0.149315
6.71241	0.149315	0.144526
6.75111	0.144526	0.14096
6.79359	0.14096	0.138465
6.82097	0.138465	0.134907
6.85967	0.134907	0.136418
6.86156	0.136418	0.133116
6.91725	0.133116	0.131977
6.96917	0.131977	0.134105
7.00316	0.134105	0.135341
7.05697	0.135341	0.143049
7.05885	0.143049	0.149793
7.08906	0.149793	0.152569
7.13815	0.152569	0.154623
7.18724	0.154623	0.158295
7.23349	0.158295	0.160633
7.23821	0.160633	0.163054
7.2873	0.163054	0.167422
7.32789	0.167422	0.170119
7.37698	0.170119	0.172479
7.37887	0.172479	0.169044
7.42701	0.169044	0.171539
7.46949	0.171539	0.172847
7.51575	0.172847	0.174741
7.56389	0.174741	0.176273
7.56578	0.176273	0.177614
7.61298	0.177614	0.178537
7.66301	0.178537	0.18047
7.70927	0.18047	0.182161
7.71116	0.182161	0.177891
7.76497	0.177891	0.18053
7.80839	0.18053	0.188339
7.86125	0.188339	0.195921
7.90373	0.195921	0.201431
7.90562	0.201431	0.200752
7.95282	0.200752	0.205783
8.29361	0.205783	0.205185
8.29549	0.205185	0.193412
8.40405	0.193412	0.183111
8.43521	0.183111	0.177722
8.51356	0.177722	0.182757
8.54565	0.182757	0.177537
8.62401	0.177537	0.17897
8.65421	0.17897	0.174224
8.72596	0.174224	0.174946
8.72879	0.174946	0.166077
8.75711	0.166077	0.158193
8.83263	0.158193	0.151794
8.83546	0.151794	0.146194
8.86378	0.146194	0.14117
8.94308	0.14117	0.137399
8.95346	0.137399	0.134974
8.97517	0.134974	0.132102
9.05258	0.132102	0.139214
9.07807	0.139214	0.138688
9.11205	0.138688	0.141227
9.16209	0.141227	0.146948
9.19701	0.146948	0.146705
9.23761	0.146705	0.148242
9.27253	0.148242	0.149712
9.32257	0.149712	0.150998
9.32445	0.150998	0.147998
9.36977	0.147998	0.145998
9.41697	0.145998	0.145748
9.43301	0.145748	0.141405
9.46794	0.141405	0.141604
9.48021	0.141604	0.137779
9.52741	0.137779	0.134431
9.62276	0.134431	0.141252
9.62465	0.141252	0.143221
9.66146	0.143221	0.149568
9.70489	0.149568	0.158872
9.75209	0.158872	0.167138
9.80401	0.167138	0.168996
9.80589	0.168996	0.170496
9.85026	0.170496	0.172809
9.89463	0.172809	0.174958
9.94183	0.174958	0.176713
9.98903	0.176713	0.177749
9.99092	0.177749	0.178656
10.0325	0.178656	0.179074
10.0797	0.179074	0.179814
10.1278	0.179814	0.180588
10.1297	0.180588	0.175514
10.1778	0.175514	0.17695
10.2279	0.17695	0.179206
10.2722	0.179206	0.18093
10.3175	0.18093	0.182064
10.3194	0.182064	0.183056
10.3666	0.183056	0.183799
10.4101	0.183799	0.183699
10.4591	0.183699	0.189737
10.461	0.189737	0.189645
10.5082	0.189645	0.189814
10.5545	0.189814	0.195462
10.596	0.195462	0.19978
10.647	0.19978	0.204307
10.6489	0.204307	0.202394
10.6914	0.202394	0.205845
11.1398	0.205845	0.193989
11.1794	0.193989	0.188365
11.2493	0.188365	0.18757
11.2889	0.18757	0.182748
11.3588	0.182748	0.18228
11.3984	0.18228	0.17812
11.4683	0.17812	0.178355
11.4702	0.178355	0.170061
11.5089	0.170061	0.162553
11.5787	0.162553	0.155984
11.6203	0.155984	0.155236
11.625	0.155236	0.150331
11.6892	0.150331	0.145415
11.7307	0.145415	0.140988
11.7704	0.140988	0.142115
11.7987	0.142115	0.1461
11.8402	0.1461	0.146713
11.8921	0.146713	0.148624
11.9374	0.148624	0.150921
11.9809	0.150921	0.154806
12.0205	0.154806	0.157955
12.047	0.157955	0.157461
12.0488	0.157461	0.151653
12.0913	0.151653	0.146571
12.1716	0.146571	0.147125
12.1734	0.147125	0.144609
12.2131	0.144609	0.147158
12.2556	0.147158	0.149263
12.283	0.149263	0.14448
12.3264	0.14448	0.145545
12.3283	0.145545	0.141727
12.3736	0.141727	0.144011
12.4161	0.144011	0.146135
12.4566	0.146135	0.149618
12.5057	0.149618	0.153291
12.5076	0.153291	0.156504
12.5492	0.156504	0.158941
12.5973	0.158941	0.161699
12.6436	0.161699	0.164861
12.6898	0.164861	0.167254
12.6945	0.167254	0.169722
12.7446	0.169722	0.172882
12.7852	0.172882	0.174772
12.838	0.174772	0.1773
12.8399	0.1773	0.173888
12.8862	0.173888	0.176152
12.9324	0.176152	0.177633
12.9749	0.177633	0.179054
13.0221	0.179054	0.179672
13.024	0.179672	0.180213
13.0684	0.180213	0.180436
13.1118	0.180436	0.180257
13.1628	0.180257	0.186475
13.1646	0.186475	0.186915
13.21	0.186915	0.186926
13.2581	0.186926	0.192935
13.2996	0.192935	0.197693
13.3478	0.197693	0.202482
13.3516	0.202482	0.200796
13.394	0.200796	0.204447
13.6829	0.204447	0.200766
13.6848	0.200766	0.189545
13.7886	0.189545	0.189477
13.7905	0.189477	0.179292
13.9	0.179292	0.183881
13.9019	0.183881	0.175021
14.0095	0.175021	0.180518
14.0114	0.180518	0.171828
14.0416	0.171828	0.16785
14.12	0.16785	0.160619
14.1568	0.160619	0.158666
14.1606	0.158666	0.153708
14.2304	0.153708	0.14837
14.3126	0.14837	0.149323
14.3192	0.149323	0.151033
14.3645	0.151033	0.157654
14.4221	0.157654	0.161947
14.4674	0.161947	0.161079
14.5165	0.161079	0.165569
14.5722	0.165569	0.170873
14.6165	0.170873	0.173764
14.6269	0.173764	0.171918
14.6288	0.171918	0.164428
14.6826	0.164428	0.157625
14.727	0.157625	0.151672
14.7978	0.151672	0.154088
14.7997	0.154088	0.156202
14.8421	0.156202	0.156677
14.8865	0.156677	0.157092
14.9082	0.157092	0.151331
14.9469	0.151331	0.150789
14.9516	0.150789	0.150941
14.996	0.150941	0.151323
