1.01284	0	0.012
1.03057	0.012	0.01275
1.03812	0.01275	0.0144063
1.04567	0.0144063	0.0167305
1.05322	0.0167305	0.0197642
1.06077	0.0197642	0.0232936
1.07021	0.0232936	0.0276319
1.07871	0.0276319	0.0301779
1.08343	0.0301779	0.0320307
1.09287	0.0320307	0.0339019
1.10137	0.0339019	0.0366641
1.10609	0.0366641	0.0387061
1.11553	0.0387061	0.0407428
1.12591	0.0407428	0.043775
1.12874	0.043775	0.0455531
1.14101	0.0455531	0.047734
1.14762	0.047734	0.0503922
1.1514	0.0503922	0.0525932
1.16178	0.0525932	0.054644
1.17311	0.054644	0.0579385
1.17783	0.0579385	0.0601962
1.18349	0.0601962	0.0622967
1.19388	0.0622967	0.0653846
1.19671	0.0653846	0.0673365
1.2137	0.0673365	0.0699195
1.21748	0.0699195	0.0726795
1.21937	0.0726795	0.0749696
1.23353	0.0749696	0.0770984
1.24297	0.0770984	0.0800861
1.24769	0.0800861	0.0825753
1.25146	0.0825753	0.0847534
1.26279	0.0847534	0.0880342
1.26562	0.0880342	0.09003
1.28356	0.09003	0.0925262
1.29111	0.0925262	0.0957104
1.29489	0.0957104	0.0983716
1.31093	0.0983716	0.10195
1.31849	0.10195	0.106081
1.32037	0.106081	0.108696
1.33076	0.108696	0.111859
1.33831	0.111859	0.115627
1.34869	0.115627	0.118048
1.35625	0.118048	0.120667
1.35813	0.120667	0.123209
1.36852	0.123209	0.126433
1.37607	0.126433	0.128504
1.38645	0.128504	0.131566
1.38834	0.131566	0.13337
1.39873	0.13337	0.135574
1.40628	0.135574	0.138502
1.4167	0.138502	0.141814
1.80465	0.141814	0.138838
1.80748	0.138838	0.135358
1.81975	0.135358	0.132938
1.83674	0.132938	0.130821
1.83863	0.130821	0.128343
1.84807	0.128343	0.1268
1.8509	0.1268	0.124825
1.86695	0.124825	0.124847
1.87167	0.124847	0.119116
1.87922	0.119116	0.113602
1.89433	0.113602	0.108776
1.89999	0.108776	0.102804
1.90377	0.102804	0.0968289
1.91604	0.0968289	0.0929753
1.92076	0.0929753	0.0881034
1.92831	0.0881034	0.0842154
1.94247	0.0842154	0.0815635
1.95002	0.0815635	0.0783681
1.9538	0.0783681	0.0753221
1.95663	0.0753221	0.0725318
1.97173	0.0725318	0.0703403
1.97645	0.0703403	0.0685478
1.98401	0.0685478	0.0669793
1.99817	0.0669793	0.0656069
2.00572	0.0656069	0.064281
2.00949	0.064281	0.0632459
2.01233	0.0632459	0.0623402
2.02554	0.0623402	0.0612976
2.03026	0.0612976	0.0603854
2.03781	0.0603854	0.0594623
2.05197	0.0594623	0.0586545
2.05953	0.0586545	0.0580727
2.0633	0.0580727	0.0575636
2.06613	0.0575636	0.0571181
2.07935	0.0571181	0.0567284
2.08313	0.0567284	0.0568873
2.09351	0.0568873	0.0576514
2.10767	0.0576514	0.059195
2.11522	0.059195	0.0597956
2.119	0.0597956	0.0596962
2.12183	0.0596962	0.0594841
2.13505	0.0594841	0.0606736
2.13882	0.0606736	0.0604644
2.15109	0.0604644	0.0614064
2.16525	0.0614064	0.0627306
2.17281	0.0627306	0.0630142
2.17658	0.0630142	0.0627625
2.17941	0.0627625	0.0625422
2.19263	0.0625422	0.0635994
2.19641	0.0635994	0.0632745
2.21057	0.0632745	0.0643652
2.21434	0.0643652	0.0641945
2.2285	0.0641945	0.0640452
2.23605	0.0640452	0.0640395
2.23983	0.0640395	0.0639096
2.24266	0.0639096	0.0637959
2.25588	0.0637959	0.0636964
2.25965	0.0636964	0.0636094
2.27193	0.0636094	0.0632832
2.2757	0.0632832	0.0629978
2.28986	0.0629978	0.0627481
2.29741	0.0627481	0.0625296
2.30119	0.0625296	0.0624634
2.30402	0.0624634	0.0624054
2.31724	0.0624054	0.0623548
2.32101	0.0623548	0.0623104
2.33329	0.0623104	0.0622716
2.33706	0.0622716	0.0622377
2.35405	0.0622377	0.062583
2.36066	0.062583	0.0636351
2.36444	0.0636351	0.0640557
2.36727	0.0640557	0.0642987
2.38049	0.0642987	0.0657614
2.38426	0.0657614	0.0659162
2.39653	0.0659162	0.0670517
2.40031	0.0670517	0.0670452
2.41919	0.0670452	0.0689146
2.4258	0.0689146	0.0691753
2.42957	0.0691753	0.0691533
2.43241	0.0691533	0.0690092
2.44562	0.0690092	0.070133
2.4494	0.070133	0.0699914
2.46167	0.0699914	0.0708675
2.46545	0.0708675	0.070634
2.48433	0.070634	0.0723048
2.49282	0.0723048	0.0723917
2.49754	0.0723917	0.0723427
2.50037	0.0723427	0.0721749
2.50321	0.0721749	0.072028
2.51642	0.072028	0.0718995
2.5202	0.0718995	0.0717871
2.53247	0.0717871	0.0716887
2.53625	0.0716887	0.0716026
2.55513	0.0716026	0.0715273
2.56173	0.0715273	0.0712114
2.56551	0.0712114	0.0708099
2.56929	0.0708099	0.0705837
2.57212	0.0705837	0.0703857
2.58533	0.0703857	0.0702125
2.58911	0.0702125	0.070061
2.60138	0.070061	0.0699283
2.60516	0.0699283	0.0698123
2.62404	0.0698123	0.0697108
2.63065	0.0697108	0.0696219
2.63442	0.0696219	0.0695442
2.63725	0.0695442	0.0693512
2.64103	0.0693512	0.0696823
2.65613	0.0696823	0.071472
2.65991	0.071472	0.071788
2.67218	0.071788	0.0731895
2.67596	0.0731895	0.0732908
2.69484	0.0732908	0.0752544
2.70145	0.0752544	0.0754726
2.70522	0.0754726	0.0754136
2.70805	0.0754136	0.0752369
2.71183	0.0752369	0.0750823
2.72882	0.0750823	0.076572
2.7326	0.076572	0.0765005
2.74487	0.0765005	0.0775629
2.74865	0.0775629	0.0773676
2.76753	0.0773676	0.0791966
2.77413	0.0791966	0.079297
2.77791	0.079297	0.0788849
2.78169	0.0788849	0.0785243
2.78452	0.0785243	0.0782088
2.80245	0.0782088	0.0798077
2.80623	0.0798077	0.0795817
2.81001	0.0795817	0.079384
2.82322	0.079384	0.079336
2.827	0.079336	0.079169
2.84588	0.079169	0.0790229
2.85249	0.0790229	0.078895
2.85626	0.078895	0.0789081
2.86004	0.0789081	0.0789196
2.86287	0.0789196	0.0788047
2.87986	0.0788047	0.0785791
2.88269	0.0785791	0.0782567
2.88647	0.0782567	0.0779746
2.89969	0.0779746	0.0777278
2.90346	0.0777278	0.0776368
2.92234	0.0776368	0.0775572
2.92895	0.0775572	0.0773626
2.93273	0.0773626	0.0771922
2.93556	0.0771922	0.0769182
2.93933	0.0769182	0.0769284
2.95633	0.0769284	0.0769374
2.95916	0.0769374	0.0769452
2.96293	0.0769452	0.0768271
2.97804	0.0768271	0.0787237
2.98181	0.0787237	0.0791332
3.00069	0.0791332	0.0813666
3.0073	0.0813666	0.0818207
3.01108	0.0818207	0.0819681
3.01391	0.0819681	0.0818471
3.01769	0.0818471	0.0818662
3.03468	0.0818662	0.083508
3.03751	0.083508	0.0831945
3.04129	0.0831945	0.0830452
3.05828	0.0830452	0.0846645
3.06205	0.0846645	0.0845814
3.08093	0.0845814	0.0863838
3.08754	0.0863838	0.0864608
3.09132	0.0864608	0.0861532
3.09509	0.0861532	0.085884
3.09793	0.085884	0.0856485
3.11492	0.0856485	0.0870675
3.11775	0.0870675	0.086559
3.12153	0.086559	0.0862392
3.13852	0.0862392	0.0875843
3.14229	0.0875843	0.0871362
3.14607	0.0871362	0.0867442
3.16684	0.0867442	0.0866512
3.17345	0.0866512	0.0865698
3.17722	0.0865698	0.0864986
3.181	0.0864986	0.0863112
3.18383	0.0863112	0.0862723
3.20082	0.0862723	0.0862383
3.20365	0.0862383	0.0862085
3.20743	0.0862085	0.0861824
3.22442	0.0861824	0.0861596
3.2282	0.0861596	0.0861397
3.23197	0.0861397	0.0859972
3.25085	0.0859972	0.0857476
3.25746	0.0857476	0.0855291
3.26124	0.0855291	0.085338
3.26407	0.085338	0.0851707
3.26785	0.0851707	0.0850244
3.28484	0.0850244	0.0848963
3.28767	0.0848963	0.0847843
3.29145	0.0847843	0.0846863
3.30844	0.0846863	0.0846005
3.31221	0.0846005	0.0845254
3.31599	0.0845254	0.0844597
3.3377	0.0844597	0.0847773
3.34337	0.0847773	0.0858051
3.34714	0.0858051	0.0863295
3.34997	0.0863295	0.0865383
3.35375	0.0865383	0.086846
3.37074	0.086846	0.0888653
3.37357	0.0888653	0.0888821
3.37735	0.0888821	0.0890218
3.39434	0.0890218	0.0907691
3.39812	0.0907691	0.090673
3.40189	0.090673	0.0904638
3.42549	0.0904638	0.0929059
3.43116	0.0929059	0.0930426
3.43493	0.0930426	0.0927873
3.43871	0.0927873	0.0925639
3.44154	0.0925639	0.0924934
3.45853	0.0924934	0.0940567
3.46137	0.0940567	0.0936746
3.46514	0.0936746	0.0934653
3.48213	0.0934653	0.0949071
3.48591	0.0949071	0.0944187
3.48969	0.0944187	0.0939914
3.51329	0.0939914	0.0962425
3.52084	0.0962425	0.0960872
3.52556	0.0960872	0.0958263
3.52839	0.0958263	0.095598
3.53217	0.095598	0.0953982
3.535	0.0953982	0.0950985
3.55199	0.0950985	0.0948362
3.55482	0.0948362	0.0946066
3.5586	0.0946066	0.0944058
3.57559	0.0944058	0.0942301
3.57937	0.0942301	0.0942013
3.58314	0.0942013	0.0941762
3.60674	0.0941762	0.0940291
3.61241	0.0940291	0.0937755
3.61713	0.0937755	0.0935536
3.61996	0.0935536	0.0932344
3.62279	0.0932344	0.0928301
3.62657	0.0928301	0.0927263
3.64356	0.0927263	0.0926355
3.64639	0.0926355	0.0925561
3.65017	0.0925561	0.0924866
3.66716	0.0924866	0.0924257
3.67093	0.0924257	0.0922475
3.67471	0.0922475	0.0920916
3.69831	0.0920916	0.0920801
3.70397	0.0920801	0.0919451
3.70775	0.0919451	0.091702
3.71153	0.091702	0.0917392
3.71436	0.0917392	0.0917718
3.71719	0.0917718	0.0921753
3.73701	0.0921753	0.0945284
3.73985	0.0945284	0.0947124
3.74362	0.0947124	0.0949983
3.76061	0.0949983	0.0968735
3.76439	0.0968735	0.0968893
3.76817	0.0968893	0.0970282
3.79177	0.0970282	0.0995247
3.79743	0.0995247	0.0994591
3.80121	0.0994591	0.0992767
3.80498	0.0992767	0.0989921
3.80781	0.0989921	0.0986181
3.81065	0.0986181	0.0982908
3.83236	0.0982908	0.100379
3.83519	0.100379	0.100082
3.83897	0.100082	0.0999468
3.85596	0.0999468	0.101453
3.85973	0.101453	0.101147
3.86351	0.101147	0.100878
3.88711	0.100878	0.103144
3.89277	0.103144	0.102876
3.89655	0.102876	0.102391
3.90033	0.102391	0.101967
3.90316	0.101967	0.101596
3.90693	0.101596	0.101272
3.93053	0.101272	0.103613
3.93431	0.103613	0.103411
3.9362	0.103411	0.10311
3.93997	0.10311	0.102846
3.95697	0.102846	0.102615
3.96074	0.102615	0.102413
3.96452	0.102413	0.102237
3.98812	0.102237	0.102082
3.99378	0.102082	0.101947
3.99756	0.101947	0.101829
4.00133	0.101829	0.101725
4.00417	0.101725	0.101634
4.00794	0.101634	0.101555
4.02965	0.101555	0.101236
4.03249	0.101236	0.100831
4.03532	0.100831	0.100602
4.03909	0.100602	0.100527
4.05609	0.100527	0.100461
4.05986	0.100461	0.100278
4.06364	0.100278	0.100119
4.08724	0.100119	0.0999788
4.0929	0.0999788	0.0998565
4.09668	0.0998565	0.0997494
4.10045	0.0997494	0.0996558
4.10329	0.0996558	0.0995738
4.10706	0.0995738	0.0996271
4.12877	0.0996271	0.0995487
4.13066	0.0995487	0.0993551
4.13444	0.0993551	0.0993107
4.13727	0.0993107	0.0996469
4.15709	0.0996469	0.101941
4.16087	0.101941	0.102198
4.16465	0.102198	0.102549
4.18825	0.102549	0.105355
4.19391	0.105355	0.105436
4.19769	0.105436	0.105381
4.20146	0.105381	0.105334
4.20429	0.105334	0.105167
4.20807	0.105167	0.105146
4.22978	0.105146	0.107253
4.23167	0.107253	0.106721
4.23545	0.106721	0.106506
4.23828	0.106506	0.106193
4.25999	0.106193	0.108169
4.26377	0.108169	0.107898
4.26754	0.107898	0.107785
4.29114	0.107785	0.110187
4.29681	0.110187	0.109914
4.30058	0.109914	0.10955
4.30436	0.10955	0.109231
4.30719	0.109231	0.108827
4.31097	0.108827	0.108474
4.33268	0.108474	0.110414
4.33551	0.110414	0.109863
4.33834	0.109863	0.109505
4.34117	0.109505	0.109067
4.36477	0.109067	0.111183
4.36855	0.111183	0.11091
4.37233	0.11091	0.110672
4.3761	0.110672	0.110463
4.3997	0.110463	0.110155
4.40537	0.110155	0.11001
4.40914	0.11001	0.109884
4.41292	0.109884	0.109649
4.41575	0.109649	0.109443
4.41953	0.109443	0.109387
4.44124	0.109387	0.109339
4.44407	0.109339	0.109296
4.4469	0.109296	0.109134
4.44973	0.109134	0.108993
4.47145	0.108993	0.108744
4.47522	0.108744	0.108526
4.479	0.108526	0.10821
4.48277	0.10821	0.107934
4.50637	0.107934	0.107817
4.51204	0.107817	0.107715
4.51581	0.107715	0.1075
4.51959	0.1075	0.107438
4.52242	0.107438	0.107383
4.5262	0.107383	0.107335
4.54791	0.107335	0.107168
4.5498	0.107168	0.106897
4.55357	0.106897	0.10691
4.55641	0.10691	0.106921
4.57812	0.106921	0.106931
4.58189	0.106931	0.106815
4.58567	0.106815	0.106838
4.58945	0.106838	0.106858
4.61493	0.106858	0.110001
4.6206	0.110001	0.110501
4.62437	0.110501	0.110688
4.62815	0.110688	0.110977
4.63098	0.110977	0.11098
4.63476	0.11098	0.111108
4.65647	0.111108	0.113469
4.65836	0.113469	0.11316
4.66213	0.11316	0.11314
4.66497	0.11314	0.112873
4.68668	0.112873	0.115014
4.69045	0.115014	0.114637
4.69423	0.114637	0.114432
4.69801	0.114432	0.114253
4.72538	0.114253	0.116972
4.73105	0.116972	0.116975
4.73482	0.116975	0.116603
4.73954	0.116603	0.116403
4.74332	0.116403	0.116228
4.74709	0.116228	0.116324
4.76692	0.116324	0.118284
4.76881	0.118284	0.117498
4.77164	0.117498	0.116936
4.77541	0.116936	0.116444
4.79618	0.116444	0.118388
4.79996	0.118388	0.117715
4.80562	0.117715	0.117375
4.8094	0.117375	0.117079
4.83489	0.117079	0.119444
4.84338	0.119444	0.119263
4.84999	0.119263	0.119105
4.85565	0.119105	0.119342
4.86226	0.119342	0.119799
4.86415	0.119799	0.119949
4.87076	0.119949	0.120331
4.8802	0.120331	0.119539
4.88492	0.119539	0.119097
4.89153	0.119097	0.11921
4.89341	0.11921	0.119059
4.90663	0.119059	0.117926
4.91796	0.117926	0.117936
4.91985	0.117936	0.117444
4.92551	0.117444	0.117263
4.94533	0.117263	0.11648
4.95477	0.11648	0.115795
4.96705	0.115795	0.116071
4.97082	0.116071	0.115937
4.97837	0.115937	0.115945
4.98593	0.115945	0.116577
4.99065	0.116577	0.117005
4.9982	0.117005	0.117129
5.00197	0.117129	0.117113
5.00764	0.117113	0.116974
5.01708	0.116974	0.117852
5.02463	0.117852	0.117871
5.02841	0.117871	0.117012
5.03501	0.117012	0.116885
5.0369	0.116885	0.11615
5.05578	0.11615	0.115381
5.07089	0.115381	0.115458
5.07749	0.115458	0.114776
5.08977	0.114776	0.115304
5.09165	0.115304	0.116016
5.10015	0.116016	0.116764
5.10959	0.116764	0.117669
5.11809	0.117669	0.11896
5.12658	0.11896	0.12009
5.13036	0.12009	0.121204
5.13791	0.121204	0.122303
5.14546	0.122303	0.123015
5.15207	0.123015	0.123638
5.16529	0.123638	0.125309
5.16717	0.125309	0.126145
5.17473	0.126145	0.127627
5.18417	0.127627	0.127799
5.19361	0.127799	0.127199
5.19927	0.127199	0.126549
5.20116	0.126549	0.12473
5.20965	0.12473	0.123889
5.21909	0.123889	0.123278
5.22759	0.123278	0.122618
5.23609	0.122618	0.122041
5.24553	0.122041	0.121661
5.25402	0.121661	0.121953
5.26346	0.121953	0.122459
5.2729	0.122459	0.123027
5.27479	0.123027	0.122898
5.28329	0.122898	0.122286
5.29367	0.122286	0.12275
5.30122	0.12275	0.123281
5.31161	0.123281	0.123746
5.31349	0.123746	0.123278
5.32105	0.123278	0.123118
5.33143	0.123118	0.123978
5.33993	0.123978	0.124731
5.34181	0.124731	0.12439
5.35125	0.12439	0.124341
5.35975	0.124341	0.124173
5.36919	0.124173	0.124152
5.37957	0.124152	0.124258
5.38146	0.124258	0.123476
5.38901	0.123476	0.122666
5.3994	0.122666	0.122958
5.40695	0.122958	0.122963
5.41733	0.122963	0.123093
5.41922	0.123093	0.122456
5.42677	0.122456	0.121524
5.43716	0.121524	0.121834
5.44565	0.121834	0.122104
5.44754	0.122104	0.121341
5.45698	0.121341	0.120799
5.46642	0.120799	0.121324
5.47492	0.121324	0.121533
5.4853	0.121533	0.122092
5.48719	0.122092	0.12158
5.49474	0.12158	0.120758
5.50513	0.120758	0.121163
5.51268	0.121163	0.121393
5.52306	0.121393	0.121719
5.52495	0.121719	0.121254
5.53345	0.121254	0.120597
5.54289	0.120597	0.120897
5.55138	0.120897	0.12141
5.55327	0.12141	0.120734
5.56271	0.120734	0.120267
5.57309	0.120267	0.120984
5.58065	0.120984	0.121361
5.59103	0.121361	0.121816
5.59292	0.121816	0.121339
5.60047	0.121339	0.121921
5.61085	0.121921	0.122306
5.61841	0.122306	0.123393
5.62029	0.123393	0.123719
5.63068	0.123719	0.123879
5.63917	0.123879	0.124269
5.64861	0.124269	0.12436
5.65805	0.12436	0.125565
5.65994	0.125565	0.12562
5.66844	0.12562	0.125667
5.67882	0.125667	0.125834
5.68637	0.125834	0.12673
5.69676	0.12673	0.127638
5.69865	0.127638	0.127309
5.7062	0.127309	0.127145
5.71658	0.127145	0.126877
5.72508	0.126877	0.127642
5.72697	0.127642	0.127437
5.73641	0.127437	0.127257
5.74585	0.127257	0.127225
5.75434	0.127225	0.128072
5.76473	0.128072	0.128813
5.76661	0.128813	0.128586
5.77417	0.128586	0.128263
5.78455	0.128263	0.12798
5.7921	0.12798	0.128608
5.80249	0.128608	0.129282
5.80437	0.129282	0.128872
5.81287	0.128872	0.128513
5.82231	0.128513	0.128199
5.83081	0.128199	0.128674
5.83269	0.128674	0.128339
5.84213	0.128339	0.128047
5.85252	0.128047	0.127916
5.86007	0.127916	0.128677
5.87045	0.128677	0.129342
5.87234	0.129342	0.129049
5.87989	0.129049	0.128543
5.89028	0.128543	0.128225
5.89783	0.128225	0.128572
5.89972	0.128572	0.128126
5.9101	0.128126	0.12786
5.9186	0.12786	0.127627
5.92804	0.127627	0.127424
5.93748	0.127424	0.128121
5.93937	0.128121	0.127981
5.94786	0.127981	0.127608
5.95825	0.127608	0.127657
5.9658	0.127657	0.128325
5.97618	0.128325	0.129034
5.97807	0.129034	0.128655
5.98562	0.128655	0.128198
5.99601	0.128198	0.127923
6.0045	0.127923	0.128433
6.00639	0.128433	0.128254
6.01583	0.128254	0.127847
6.02433	0.127847	0.127741
6.03377	0.127741	0.128524
6.04415	0.128524	0.129208
6.04604	0.129208	0.129057
6.05359	0.129057	0.12855
6.06397	0.12855	0.128231
6.07153	0.128231	0.128702
6.08191	0.128702	0.129365
6.0838	0.129365	0.128819
6.09135	0.128819	0.128467
6.09513	0.128467	0.127283
6.09701	0.127283	0.126248
6.10079	0.126248	0.124842
6.10362	0.124842	0.122612
6.10929	0.122612	0.12041
6.11117	0.12041	0.118734
6.11778	0.118734	0.117767
6.1225	0.117767	0.116421
6.12722	0.116421	0.114744
6.13194	0.114744	0.112651
6.13383	0.112651	0.109694
6.13855	0.109694	0.107483
6.14327	0.107483	0.105297
6.14893	0.105297	0.10276
6.15837	0.10276	0.10079
6.16026	0.10079	0.0980663
6.16593	0.0980663	0.096058
6.17065	0.096058	0.0939258
6.17348	0.0939258	0.091935
6.17725	0.091935	0.0904432
6.17914	0.0904432	0.0890128
6.18669	0.0890128	0.0882612
6.18858	0.0882612	0.0871035
6.1933	0.0871035	0.0864656
6.19802	0.0864656	0.0857824
6.20274	0.0857824	0.0850596
6.20746	0.0850596	0.0844271
6.20935	0.0844271	0.0836237
6.21407	0.0836237	0.0832958
6.21879	0.0832958	0.0828838
6.2254	0.0828838	0.0827733
6.23484	0.0827733	0.0831767
6.23673	0.0831767	0.0825296
6.24428	0.0825296	0.0827134
6.249	0.0827134	0.0827492
6.25372	0.0827492	0.0827806
6.25655	0.0827806	0.082808
6.25938	0.082808	0.082707
6.26599	0.082707	0.0831186
6.26882	0.0831186	0.0829788
6.2726	0.0829788	0.0831064
6.27732	0.0831064	0.0832181
6.28015	0.0832181	0.0830659
6.28487	0.0830659	0.0829326
6.28959	0.0829326	0.0828161
6.29148	0.0828161	0.082714
6.2962	0.082714	0.0826248
6.30092	0.0826248	0.0825467
6.30753	0.0825467	0.0824784
6.31602	0.0824784	0.0824186
6.31791	0.0824186	0.0822412
6.32452	0.0822412	0.0819611
6.32924	0.0819611	0.0818409
6.33301	0.0818409	0.0816108
6.33679	0.0816108	0.0814095
6.33868	0.0814095	0.0811083
6.34623	0.0811083	0.0810948
6.34812	0.0810948	0.0809579
6.35284	0.0809579	0.0808382
6.35756	0.0808382	0.0807334
6.36039	0.0807334	0.0806417
6.36511	0.0806417	0.0806865
6.36889	0.0806865	0.0804757
6.37172	0.0804757	0.0804162
6.37644	0.0804162	0.0803642
6.38116	0.0803642	0.0804437
6.38777	0.0804437	0.0803882
6.39532	0.0803882	0.0802147
6.39815	0.0802147	0.0803129
6.40476	0.0803129	0.0802737
6.40948	0.0802737	0.0802395
6.41325	0.0802395	0.0802096
6.41703	0.0802096	0.0803084
6.41986	0.0803084	0.0803948
6.42836	0.0803948	0.0805955
6.43119	0.0805955	0.080896
6.43591	0.080896	0.081159
6.43969	0.081159	0.0812642
6.44346	0.0812642	0.0814811
6.44818	0.0814811	0.081671
6.45101	0.081671	0.0818371
6.45479	0.0818371	0.0823575
6.45857	0.0823575	0.0829378
6.46329	0.0829378	0.0834456
6.46989	0.0834456	0.0840149
6.47745	0.0840149	0.084763
6.48028	0.084763	0.0847926
6.48689	0.0847926	0.0851936
6.49161	0.0851936	0.0854194
6.49538	0.0854194	0.0854919
6.5001	0.0854919	0.0856804
6.50199	0.0856804	0.0854704
6.51332	0.0854704	0.0865366
6.51521	0.0865366	0.0865945
6.51993	0.0865945	0.0867702
6.52465	0.0867702	0.0870489
6.52748	0.0870489	0.0871678
6.5322	0.0871678	0.0873968
6.53597	0.0873968	0.0873472
6.53881	0.0873472	0.0873038
6.54258	0.0873038	0.0873908
6.5473	0.0873908	0.087592
6.55391	0.087592	0.087893
6.56146	0.087893	0.0884064
6.56429	0.0884064	0.0882306
6.5709	0.0882306	0.0884517
6.57562	0.0884517	0.0885203
6.5794	0.0885203	0.0884552
6.58412	0.0884552	0.0885233
6.58695	0.0885233	0.0882079
6.59828	0.0882079	0.0893069
6.60111	0.0893069	0.0891436
6.60489	0.0891436	0.0891256
6.61149	0.0891256	0.0894849
6.61433	0.0894849	0.0895493
6.61905	0.0895493	0.0898556
6.62282	0.0898556	0.0898737
6.62565	0.0898737	0.0898895
6.62943	0.0898895	0.0900283
6.63321	0.0900283	0.0901498
6.63698	0.0901498	0.090006
6.64359	0.090006	0.0900053
6.65114	0.0900053	0.0900046
6.65397	0.0900046	0.089879
6.66058	0.089879	0.0898942
6.6653	0.0898942	0.0899074
6.66908	0.0899074	0.089919
6.6738	0.089919	0.0898041
6.67663	0.0898041	0.0898286
6.68701	0.0898286	0.089725
6.68985	0.089725	0.0895094
6.69362	0.0895094	0.0894457
6.69929	0.0894457	0.089265
6.70212	0.089265	0.0891069
6.70684	0.0891069	0.0888435
6.71061	0.0888435	0.0887381
6.71345	0.0887381	0.0886458
6.71722	0.0886458	0.0885651
6.721	0.0885651	0.0883695
6.72477	0.0883695	0.0883233
6.73138	0.0883233	0.0882829
6.73893	0.0882829	0.0881225
6.74177	0.0881225	0.0881072
6.74837	0.0881072	0.0880938
6.75309	0.0880938	0.0880821
6.75687	0.0880821	0.0879468
6.76159	0.0879468	0.0879535
6.76442	0.0879535	0.0879593
6.77481	0.0879593	0.0878394
6.77764	0.0878394	0.0878594
6.78141	0.0878594	0.087877
6.78708	0.087877	0.0878924
6.79085	0.0878924	0.0879058
6.79746	0.0879058	0.0882926
6.80029	0.0882926	0.088506
6.80407	0.088506	0.0888178
6.80785	0.0888178	0.0889656
6.81162	0.0889656	0.0892199
6.8154	0.0892199	0.0894424
6.82201	0.0894424	0.0896371
6.82861	0.0896371	0.0896824
6.83239	0.0896824	0.0902221
6.83805	0.0902221	0.0910694
6.84277	0.0910694	0.0914357
6.84655	0.0914357	0.0916312
6.85127	0.0916312	0.0920523
6.8541	0.0920523	0.0921708
6.86449	0.0921708	0.0931494
6.86732	0.0931494	0.0931308
6.87109	0.0931308	0.0932394
6.8777	0.0932394	0.0935845
6.88148	0.0935845	0.0936364
6.88903	0.0936364	0.0943069
6.89281	0.0943069	0.0943935
6.89564	0.0943935	0.0944693
6.89941	0.0944693	0.0945357
6.90319	0.0945357	0.0947187
6.90697	0.0947187	0.0947539
6.91357	0.0947539	0.0951596
6.92113	0.0951596	0.0956397
6.92396	0.0956397	0.0955597
6.92962	0.0955597	0.0957397
6.93434	0.0957397	0.0957723
6.93812	0.0957723	0.0958007
6.94284	0.0958007	0.0958257
6.94567	0.0958257	0.0955974
6.95605	0.0955974	0.0963978
6.95889	0.0963978	0.096098
6.96266	0.096098	0.0959608
6.96927	0.0959608	0.0962157
6.97305	0.0962157	0.0961887
6.9806	0.0961887	0.0965401
6.98437	0.0965401	0.0963476
6.98815	0.0963476	0.0963042
6.99287	0.0963042	0.0963911
6.99759	0.0963911	0.0965923
7.00137	0.0965923	0.0967682
7.00797	0.0967682	0.0972972
7.01553	0.0972972	0.097885
7.01836	0.097885	0.0977744
7.02402	0.0977744	0.0981776
7.02874	0.0981776	0.0982804
7.03157	0.0982804	0.0981204
7.03535	0.0981204	0.0979803
7.04007	0.0979803	0.0979828
7.0429	0.0979828	0.0978599
7.05329	0.0978599	0.0977524
7.05612	0.0977524	0.0977834
7.05989	0.0977834	0.0976855
7.0665	0.0976855	0.0975998
7.07028	0.0975998	0.0975248
7.07783	0.0975248	0.0974592
7.08161	0.0974592	0.0974018
7.08444	0.0974018	0.0972266
7.08821	0.0972266	0.0970733
7.09293	0.0970733	0.0968141
7.09671	0.0968141	0.0965873
7.10332	0.0965873	0.0965139
7.11087	0.0965139	0.0963247
7.1137	0.0963247	0.0961591
7.11937	0.0961591	0.0960142
7.12409	0.0960142	0.0960124
7.12692	0.0960124	0.0958859
7.13069	0.0958859	0.0957751
7.13541	0.0957751	0.0956782
7.13825	0.0956782	0.0957185
7.14863	0.0957185	0.0956287
7.15146	0.0956287	0.0955501
7.15524	0.0955501	0.0956063
7.16185	0.0956063	0.0955305
7.16562	0.0955305	0.0954642
7.17317	0.0954642	0.0955312
7.17695	0.0955312	0.0954648
7.17978	0.0954648	0.0954067
7.18356	0.0954067	0.0953559
7.18828	0.0953559	0.0954364
7.19205	0.0954364	0.0955068
7.19961	0.0955068	0.0955685
7.2081	0.0955685	0.0958724
7.21188	0.0958724	0.0961384
7.21754	0.0961384	0.0963711
7.22132	0.0963711	0.0964497
7.22509	0.0964497	0.0967685
7.22887	0.0967685	0.0969224
7.23265	0.0969224	0.0975571
7.23548	0.0975571	0.0978625
7.24586	0.0978625	0.0990047
7.24869	0.0990047	0.0991291
7.25247	0.0991291	0.0993629
7.25908	0.0993629	0.0999426
7.26285	0.0999426	0.100075
7.27041	0.100075	0.10069
7.27418	0.10069	0.100729
7.27701	0.100729	0.100763
7.28079	0.100763	0.100793
7.28551	0.100793	0.100944
7.28929	0.100944	0.100951
7.29684	0.100951	0.101332
7.30817	0.101332	0.10229
7.311	0.10229	0.102254
7.31666	0.102254	0.102597
7.32138	0.102597	0.102773
7.32421	0.102773	0.102801
7.32799	0.102801	0.102701
7.33177	0.102701	0.102738
7.3346	0.102738	0.102646
7.34498	0.102646	0.10344
7.34781	0.10344	0.10326
7.35159	0.10326	0.103228
7.3582	0.103228	0.103574
7.36197	0.103574	0.103377
7.36953	0.103377	0.10383
7.3733	0.10383	0.103726
7.37613	0.103726	0.103511
7.37991	0.103511	0.103322
7.38463	0.103322	0.103407
7.38841	0.103407	0.103356
7.39596	0.103356	0.103686
7.40823	0.103686	0.104726
7.41106	0.104726	0.10451
7.41673	0.10451	0.104696
7.42333	0.104696	0.104984
7.42617	0.104984	0.104986
7.42994	0.104986	0.104988
7.43372	0.104988	0.105114
7.43749	0.105114	0.105225
7.44693	0.105225	0.106072
7.45071	0.106072	0.106063
7.4526	0.106063	0.10593
7.45637	0.10593	0.105814
7.46298	0.105814	0.105587
7.46676	0.105587	0.105514
7.47431	0.105514	0.105449
7.47809	0.105449	0.105393
7.48092	0.105393	0.105219
7.48469	0.105219	0.105192
7.48941	0.105192	0.105168
7.49319	0.105168	0.105147
7.50074	0.105147	0.105128
7.51207	0.105128	0.104987
7.51585	0.104987	0.104864
7.52057	0.104864	0.104756
7.52623	0.104756	0.104536
7.52906	0.104536	0.104344
7.53284	0.104344	0.104176
7.53661	0.104176	0.104029
7.53945	0.104029	0.103776
7.54983	0.103776	0.103679
7.55266	0.103679	0.103469
7.55549	0.103469	0.10341
7.55927	0.10341	0.103359
7.56588	0.103359	0.103314
7.56965	0.103314	0.103275
7.57721	0.103275	0.10324
7.58098	0.10324	0.103085
7.58381	0.103085	0.103075
7.58759	0.103075	0.103065
7.59231	0.103065	0.103057
7.59609	0.103057	0.10305
7.60364	0.10305	0.103044
7.61497	0.103044	0.102913
7.61874	0.102913	0.102924
7.62346	0.102924	0.102934
7.62818	0.102934	0.102817
7.63196	0.102817	0.102715
7.63573	0.102715	0.10275
7.64045	0.10275	0.102907
7.64329	0.102907	0.103043
7.65556	0.103043	0.103413
7.65745	0.103413	0.103611
7.66122	0.103611	0.10391
7.665	0.10391	0.104046
7.67161	0.104046	0.10429
7.67538	0.10429	0.104504
7.68199	0.104504	0.105441
7.68577	0.105441	0.105761
7.6886	0.105761	0.106041
7.69237	0.106041	0.106411
7.69709	0.106411	0.106859
7.70087	0.106859	0.107002
7.70842	0.107002	0.107627
7.71975	0.107627	0.108673
7.72353	0.108673	0.108714
7.72825	0.108714	0.108875
7.73297	0.108875	0.108891
7.73674	0.108891	0.108779
7.74052	0.108779	0.108807
7.74524	0.108807	0.108956
7.74807	0.108956	0.108836
7.76223	0.108836	0.110107
7.76506	0.110107	0.110094
7.76789	0.110094	0.110082
7.77167	0.110082	0.110072
7.77828	0.110072	0.110563
7.78205	0.110563	0.110617
7.78866	0.110617	0.110915
7.79244	0.110915	0.110926
7.79527	0.110926	0.11081
7.79905	0.11081	0.110834
7.80377	0.110834	0.110855
7.80754	0.110855	0.110748
7.81509	0.110748	0.111279
7.82642	0.111279	0.112119
7.8302	0.112119	0.111979
7.83492	0.111979	0.111857
7.83964	0.111857	0.11175
7.84341	0.11175	0.111656
7.84719	0.111656	0.111574
7.85191	0.111574	0.111502
7.85569	0.111502	0.111315
7.86985	0.111315	0.112525
7.87551	0.112525	0.112585
7.8774	0.112585	0.112512
7.88117	0.112512	0.112698
7.88778	0.112698	0.11311
7.8925	0.11311	0.113222
7.89817	0.113222	0.113569
7.90194	0.113569	0.113498
7.90383	0.113498	0.113186
7.90949	0.113186	0.113287
7.91327	0.113287	0.113376
7.91705	0.113376	0.113454
7.92082	0.113454	0.113398
7.92743	0.113398	0.113223
7.93687	0.113223	0.11282
7.94537	0.11282	0.113093
7.94914	0.113093	0.113331
7.95292	0.113331	0.11329
7.95669	0.11329	0.113253
7.96141	0.113253	0.113347
7.96613	0.113347	0.113553
7.96802	0.113553	0.113484
7.98029	0.113484	0.113174
7.98501	0.113174	0.112777
7.98785	0.112777	0.11243
7.99162	0.11243	0.112126
7.99823	0.112126	0.111985
8.00201	0.111985	0.111737
8.00767	0.111737	0.111395
8.01145	0.111395	0.111221
8.01428	0.111221	0.111193
8.019	0.111193	0.110919
8.02372	0.110919	0.110804
8.02749	0.110804	0.110704
8.03127	0.110704	0.110741
8.03788	0.110741	0.110648
8.04732	0.110648	0.110692
8.05487	0.110692	0.110481
8.05959	0.110481	0.11042
8.06337	0.11042	0.110493
8.06714	0.110493	0.110556
8.07186	0.110556	0.110487
8.07564	0.110487	0.110301
8.07847	0.110301	0.110263
8.09074	0.110263	0.11023
8.09452	0.11023	0.110077
8.09829	0.110077	0.110192
8.10207	0.110192	0.110293
8.10868	0.110293	0.110256
8.11812	0.110256	0.110974
8.12001	0.110974	0.111228
8.12756	0.111228	0.111824
8.13133	0.111824	0.112471
8.13511	0.112471	0.113037
8.13889	0.113037	0.113283
8.14644	0.113283	0.114497
8.15399	0.114497	0.115935
8.15682	0.115935	0.117068
8.16626	0.117068	0.11856
8.17098	0.11856	0.119115
8.17476	0.119115	0.119225
8.18042	0.119225	0.119447
8.18325	0.119447	0.119516
8.18609	0.119516	0.119452
8.19364	0.119452	0.11977
8.19741	0.11977	0.120049
8.20497	0.120049	0.120793
8.21063	0.120793	0.120694
8.21818	0.120694	0.121107
8.2229	0.121107	0.121469
8.23517	0.121469	0.12291
8.23895	0.12291	0.123796
8.24461	0.123796	0.124072
8.24839	0.124072	0.124563
8.25405	0.124563	0.124867
8.25783	0.124867	0.125009
8.26538	0.125009	0.125633
8.26727	0.125633	0.126054
8.27577	0.126054	0.126422
8.28332	0.126422	0.126869
8.28804	0.126869	0.127511
8.29087	0.127511	0.127072
8.2937	0.127072	0.126563
8.29748	0.126563	0.126117
8.30409	0.126117	0.125853
8.30692	0.125853	0.125496
8.52498	0.125496	0.121809
8.53442	0.121809	0.118583
8.54386	0.118583	0.115635
8.54764	0.115635	0.113306
8.55708	0.113306	0.111893
8.56557	0.111893	0.110406
8.58068	0.110406	0.109605
8.58823	0.109605	0.108155
8.59956	0.108155	0.107885
8.60522	0.107885	0.1069
8.61277	0.1069	0.105787
8.62316	0.105787	0.104939
8.6326	0.104939	0.104071
8.64109	0.104071	0.103312
8.64581	0.103312	0.102648
8.65525	0.102648	0.102067
8.66469	0.102067	0.101684
8.68074	0.101684	0.101473
8.68829	0.101473	0.101289
8.69962	0.101289	0.101128
8.70529	0.101128	0.100987
8.71284	0.100987	0.100864
8.72322	0.100864	0.100756
8.73266	0.100756	0.100661
8.74116	0.100661	0.100579
8.74588	0.100579	0.100506
8.75532	0.100506	0.100443
8.76476	0.100443	0.100388
8.78175	0.100388	0.100464
8.79119	0.100464	0.100781
8.80252	0.100781	0.101059
8.80818	0.101059	0.101301
8.81573	0.101301	0.101514
8.82517	0.101514	0.102949
8.83461	0.102949	0.103956
8.84405	0.103956	0.104961
8.84783	0.104961	0.105091
8.85727	0.105091	0.105955
8.86671	0.105955	0.106585
8.8837	0.106585	0.108137
8.89125	0.108137	0.10837
8.90258	0.10837	0.108699
8.90825	0.108699	0.108361
8.9158	0.108361	0.108191
8.92524	0.108191	0.108417
8.93468	0.108417	0.10849
8.94412	0.10849	0.108679
8.94789	0.108679	0.107969
8.95733	0.107969	0.108223
8.96677	0.108223	0.10832
8.98377	0.10832	0.109405
8.99226	0.109405	0.109354
9.00453	0.109354	0.10981
9.01114	0.10981	0.109709
9.01869	0.109709	0.109745
9.02813	0.109745	0.110152
9.03757	0.110152	0.110383
9.04135	0.110383	0.10996
9.0489	0.10996	0.109215
9.05362	0.109215	0.108813
9.06306	0.108813	0.108462
9.0725	0.108462	0.108154
9.08855	0.108154	0.10776
9.09893	0.10776	0.10754
9.11215	0.10754	0.107597
9.11876	0.107597	0.107523
9.12631	0.107523	0.107582
9.13575	0.107582	0.107509
9.14519	0.107509	0.107571
9.14897	0.107571	0.107499
9.15652	0.107499	0.107562
9.16124	0.107562	0.107617
9.17068	0.107617	0.10754
9.18012	0.10754	0.107597
9.19617	0.107597	0.107648
9.20655	0.107648	0.107692
9.21977	0.107692	0.107605
9.22732	0.107605	0.10778
9.23487	0.10778	0.107807
9.2462	0.107807	0.108206
9.25564	0.108206	0.10843
9.25941	0.10843	0.108752
9.26697	0.108752	0.108908
9.27169	0.108908	0.109044
9.28018	0.109044	0.110289
9.28962	0.110289	0.111378
9.30661	0.111378	0.113205
9.31605	0.113205	0.114055
9.32927	0.114055	0.115173
9.33682	0.115173	0.115401
9.34437	0.115401	0.115601
9.35381	0.115601	0.116026
9.36325	0.116026	0.116148
9.36703	0.116148	0.115629
9.37458	0.115629	0.115551
9.3793	0.115551	0.115232
9.3878	0.115232	0.115328
9.39724	0.115328	0.115537
9.41423	0.115537	0.11672
9.42367	0.11672	0.116755
9.43689	0.116755	0.11716
9.44444	0.11716	0.11689
9.45293	0.11689	0.116779
9.46237	0.116779	0.116932
9.4737	0.116932	0.117315
9.47937	0.117315	0.117151
9.48692	0.117151	0.117382
9.49069	0.117382	0.117209
9.49825	0.117209	0.117433
9.50674	0.117433	0.117629
9.50863	0.117629	0.1168
9.52468	0.1168	0.11595
9.53412	0.11595	0.115331
9.54733	0.115331	0.11479
9.55489	0.11479	0.114191
9.56338	0.114191	0.113792
9.57282	0.113792	0.113318
9.59076	0.113318	0.113779
9.59265	0.113779	0.113681
9.60114	0.113681	0.113846
9.60681	0.113846	0.114115
9.61436	0.114115	0.114351
9.61719	0.114351	0.113932
9.6238	0.113932	0.114066
9.63513	0.114066	0.113682
9.64457	0.113682	0.113222
9.65778	0.113222	0.112819
9.67289	0.112819	0.113467
9.67477	0.113467	0.113159
9.68327	0.113159	0.112889
9.70215	0.112889	0.112778
9.70876	0.112778	0.11318
9.71159	0.11318	0.112783
9.72575	0.112783	0.11356
9.72764	0.11356	0.11349
9.74085	0.11349	0.114679
9.75029	0.114679	0.116219
9.75785	0.116219	0.116942
9.76729	0.116942	0.118824
9.77106	0.118824	0.119846
9.78239	0.119846	0.12049
9.78428	0.12049	0.119429
9.79277	0.119429	0.11925
9.81165	0.11925	0.120344
9.81826	0.120344	0.119801
9.82959	0.119801	0.119951
9.8362	0.119951	0.120582
9.84941	0.120582	0.121009
9.8513	0.121009	0.121383
9.8598	0.121383	0.121085
9.86829	0.121085	0.1207
9.87868	0.1207	0.120737
9.88717	0.120737	0.120645
9.89189	0.120645	0.120564
9.89378	0.120564	0.119369
9.90228	0.119369	0.119198
9.92116	0.119198	0.120423
9.92871	0.120423	0.119995
9.93909	0.119995	0.120121
9.94665	0.120121	0.119731
9.95986	0.119731	0.120139
9.96175	0.120139	0.119122
9.97025	0.119122	0.119107
9.97969	0.119107	0.119218
9.98818	0.119218	0.119316
9.99762	0.119316	0.119277
9.99951	0.119277	0.118367
10.008	0.118367	0.118196
10.0174	0.118196	0.118922
10.0259	0.118922	0.119431
10.0316	0.119431	0.118252
10.0477	0.118252	0.118346
10.0495	0.118346	0.117303
10.058	0.117303	0.11664
10.0703	0.11664	0.115935
10.076	0.115935	0.115693
10.0807	0.115693	0.114981
10.0901	0.114981	0.114484
10.0986	0.114484	0.113923
10.1081	0.113923	0.113558
10.1137	0.113558	0.113613
10.1185	0.113613	0.113161
10.1279	0.113161	0.112766
10.1364	0.112766	0.112545
10.1524	0.112545	0.113602
10.1581	0.113602	0.113277
10.1647	0.113277	0.113492
10.1685	0.113492	0.113056
10.1808	0.113056	0.112674
10.1959	0.112674	0.11359
10.1978	0.11359	0.114016
10.2081	0.114016	0.114514
10.2157	0.114514	0.114825
10.2185	0.114825	0.114222
10.2355	0.114222	0.115194
10.2374	0.115194	0.11567
10.2459	0.11567	0.117086
10.2563	0.117086	0.118575
10.2638	0.118575	0.119628
10.2742	0.119628	0.119925
10.2761	0.119925	0.119684
10.2837	0.119684	0.119599
10.294	0.119599	0.120399
10.3054	0.120399	0.120974
10.3073	0.120974	0.119852
10.3176	0.119852	0.119871
10.3261	0.119871	0.119637
10.3346	0.119637	0.119557
10.345	0.119557	0.120488
10.3469	0.120488	0.119302
10.3554	0.119302	0.119139
10.3658	0.119139	0.119247
10.3733	0.119247	0.118966
10.3837	0.118966	0.119095
10.3856	0.119095	0.118083
10.3932	0.118083	0.117948
10.4035	0.117948	0.118204
10.4149	0.118204	0.118429
10.4168	0.118429	0.1175
10.4271	0.1175	0.117813
10.4356	0.117813	0.117836
10.4441	0.117836	0.117857
10.4498	0.117857	0.117499
10.4517	0.117499	0.116062
10.4574	0.116062	0.115429
10.463	0.115429	0.114501
10.4649	0.114501	0.112563
10.4687	0.112563	0.110368
10.4753	0.110368	0.108072
10.4772	0.108072	0.106063
10.481	0.106063	0.10368
10.4866	0.10368	0.101095
10.4923	0.101095	0.098208
10.4942	0.098208	0.095682
10.5027	0.095682	0.0930968
10.5074	0.0930968	0.0904597
10.5168	0.0904597	0.0881522
10.5225	0.0881522	0.0862582
10.5244	0.0862582	0.0846009
10.53	0.0846009	0.0831508
10.5338	0.0831508	0.081507
10.5366	0.081507	0.0803186
10.5423	0.0803186	0.0795288
10.547	0.0795288	0.0785877
10.5489	0.0785877	0.0776392
10.5536	0.0776392	0.0770593
10.5584	0.0770593	0.0764269
10.5659	0.0764269	0.0759985
10.5678	0.0759985	0.0756237
10.5744	0.0756237	0.0751707
10.5829	0.0751707	0.0751494
10.5933	0.0751494	0.0753807
10.599	0.0753807	0.0754581
10.6008	0.0754581	0.0755259
10.6065	0.0755259	0.0755851
10.6103	0.0755851	0.075762
10.6122	0.075762	0.0757917
10.6188	0.0757917	0.0758178
10.6235	0.0758178	0.0758406
10.6254	0.0758406	0.0761105
10.6292	0.0761105	0.0767217
10.6348	0.0767217	0.0772565
10.6424	0.0772565	0.0780994
10.6443	0.0780994	0.078212
10.6499	0.078212	0.0786855
10.6575	0.0786855	0.0792248
10.6669	0.0792248	0.0798217
10.6726	0.0798217	0.079719
10.6745	0.079719	0.0792541
10.6801	0.0792541	0.0793473
10.6839	0.0793473	0.0790539
10.6858	0.0790539	0.0785472
10.6924	0.0785472	0.0787288
10.6971	0.0787288	0.0787627
10.699	0.0787627	0.0784174
10.7028	0.0784174	0.0782402
10.7085	0.0782402	0.0783352
10.716	0.0783352	0.0787933
10.7179	0.0787933	0.0783191
10.7236	0.0783191	0.0784042
10.7311	0.0784042	0.0788537
10.7406	0.0788537	0.079372
10.7472	0.079372	0.0795755
10.75	0.0795755	0.0792535
10.7557	0.0792535	0.0794719
10.7594	0.0794719	0.0794129
10.7613	0.0794129	0.0792363
10.7689	0.0792363	0.0797067
10.7736	0.0797067	0.0798684
10.7755	0.0798684	0.0796348
10.7793	0.0796348	0.0796805
10.7821	0.0796805	0.0797204
10.7868	0.0797204	0.0795054
10.7944	0.0795054	0.0793172
10.7962	0.0793172	0.0792775
10.8019	0.0792775	0.0791179
10.8104	0.0791179	0.0791031
10.8198	0.0791031	0.0790902
10.8274	0.0790902	0.079204
10.8312	0.079204	0.0795535
10.8359	0.0795535	0.0796093
10.8397	0.0796093	0.0796581
10.8425	0.0796581	0.0798258
10.8501	0.0798258	0.0800976
10.8548	0.0800976	0.0802104
10.8567	0.0802104	0.0803091
10.8604	0.0803091	0.0803955
10.8623	0.0803955	0.080346
10.868	0.080346	0.0804278
10.8755	0.0804278	0.0804993
10.8774	0.0804993	0.0805619
10.8831	0.0805619	0.0807417
10.8916	0.0807417	0.080774
10.901	0.080774	0.0809272
10.9086	0.0809272	0.0809363
10.9124	0.0809363	0.0809443
10.9171	0.0809443	0.0810762
10.9218	0.0810762	0.0811917
10.9256	0.0811917	0.0814177
10.9331	0.0814177	0.0816155
10.9378	0.0816155	0.0817886
10.9407	0.0817886	0.082065
10.9445	0.082065	0.0823069
10.9463	0.0823069	0.0825185
10.952	0.0825185	0.0828287
10.9596	0.0828287	0.0829751
10.9614	0.0829751	0.0833532
10.9671	0.0833532	0.0841841
10.9747	0.0841841	0.0850361
10.9841	0.0850361	0.0860316
10.9917	0.0860316	0.0865276
10.9954	0.0865276	0.0865867
11.0002	0.0865867	0.0867633
11.0039	0.0867633	0.0866679
11.0068	0.0866679	0.0864594
11.0153	0.0864594	0.086902
11.019	0.086902	0.0867892
11.0219	0.0867892	0.0864406
11.0256	0.0864406	0.0862605
11.0275	0.0862605	0.0858529
11.0332	0.0858529	0.0859963
11.0407	0.0859963	0.0862468
11.0426	0.0862468	0.0858409
11.0483	0.0858409	0.0859858
11.0558	0.0859858	0.0862376
11.0653	0.0862376	0.0868329
11.0728	0.0868329	0.0869788
11.0766	0.0869788	0.0867314
11.0813	0.0867314	0.08664
11.0851	0.08664	0.086435
11.0879	0.086435	0.0861306
11.0974	0.0861306	0.0867393
11.1021	0.0867393	0.0867719
11.1049	0.0867719	0.0865504
11.1087	0.0865504	0.0866066
11.1106	0.0866066	0.0864058
11.1172	0.0864058	0.0868551
11.1248	0.0868551	0.0873732
11.1266	0.0873732	0.0872015
11.1323	0.0872015	0.0875513
11.1351	0.0875513	0.0874824
11.1427	0.0874824	0.0874221
11.1521	0.0874221	0.0873693
11.1597	0.0873693	0.0873232
11.1635	0.0873232	0.0872828
11.1682	0.0872828	0.0872474
11.172	0.0872474	0.0870915
11.1748	0.0870915	0.0870801
11.1852	0.0870801	0.0871951
11.1908	0.0871951	0.0872957
11.1927	0.0872957	0.0873837
11.1965	0.0873837	0.0874607
11.1984	0.0874607	0.0875282
11.2059	0.0875282	0.0875871
11.2135	0.0875871	0.0877637
11.2154	0.0877637	0.0879183
11.221	0.0879183	0.0880535
11.2239	0.0880535	0.0880468
11.2314	0.0880468	0.088166
11.2409	0.088166	0.0881452
11.2484	0.0881452	0.0882521
11.2522	0.0882521	0.0883455
11.2569	0.0883455	0.0883024
11.2607	0.0883024	0.0883896
11.2635	0.0883896	0.0884659
11.2739	0.0884659	0.0884076
11.2796	0.0884076	0.0884817
11.2815	0.0884817	0.0885465
11.2852	0.0885465	0.0886032
11.2881	0.0886032	0.0887778
11.2966	0.0887778	0.0890555
11.3041	0.0890555	0.0892986
11.307	0.0892986	0.0895113
11.3126	0.0895113	0.0896974
11.3154	0.0896974	0.0899852
11.323	0.0899852	0.090112
11.3324	0.090112	0.090348
11.339	0.090348	0.0914295
11.3428	0.0914295	0.0917508
11.3475	0.0917508	0.092157
11.3513	0.092157	0.0925124
11.3542	0.0925124	0.0926983
11.3645	0.0926983	0.093736
11.3702	0.093736	0.094144
11.373	0.094144	0.094126
11.3759	0.094126	0.0941103
11.3787	0.0941103	0.0939715
11.3853	0.0939715	0.09435
11.3929	0.09435	0.0945563
11.3957	0.0945563	0.0941118
11.4014	0.0941118	0.0942228
11.4042	0.0942228	0.0939449
11.4117	0.0939449	0.0942018
11.4212	0.0942018	0.0948016
11.4278	0.0948016	0.0948264
11.4316	0.0948264	0.0944731
11.4363	0.0944731	0.094414
11.4401	0.094414	0.0942372
11.4429	0.0942372	0.0938326
11.4533	0.0938326	0.0944785
11.4589	0.0944785	0.0944187
11.4618	0.0944187	0.0939913
11.4646	0.0939913	0.0936174
11.4674	0.0936174	0.0934152
11.474	0.0934152	0.0937383
11.4816	0.0937383	0.094021
11.4844	0.094021	0.0937684
11.491	0.0937684	0.0940474
11.4948	0.0940474	0.0939164
11.5024	0.0939164	0.0944269
11.5127	0.0944269	0.0952485
11.5194	0.0952485	0.0955925
11.5231	0.0955925	0.0956434
11.5278	0.0956434	0.095688
11.5307	0.095688	0.095477
11.5345	0.095477	0.0952924
11.5373	0.0952924	0.0952558
11.5477	0.0952558	0.0950988
11.5533	0.0950988	0.0950865
11.5552	0.0950865	0.0949507
11.559	0.0949507	0.0948318
11.5609	0.0948318	0.0946029
11.5684	0.0946029	0.0945275
11.576	0.0945275	0.0944616
11.5788	0.0944616	0.0944039
11.5864	0.0944039	0.0944784
11.5902	0.0944784	0.0946686
11.5977	0.0946686	0.09471
11.609	0.09471	0.0949963
11.6156	0.0949963	0.0951217
11.6194	0.0951217	0.0952315
11.6241	0.0952315	0.0954526
11.627	0.0954526	0.095521
11.6307	0.095521	0.0955809
11.6336	0.0955809	0.0956333
11.644	0.0956333	0.0956791
11.6496	0.0956791	0.0957192
11.6515	0.0957192	0.0957543
11.6553	0.0957543	0.09591
11.6572	0.09591	0.0960463
11.6647	0.0960463	0.0960405
11.6723	0.0960405	0.0961604
11.6751	0.0961604	0.0962654
11.6827	0.0962654	0.0962322
11.6864	0.0962322	0.0962032
11.6959	0.0962032	0.0964278
11.7082	0.0964278	0.0967493
11.7148	0.0967493	0.0970306
11.7185	0.0970306	0.0972768
11.7233	0.0972768	0.0974922
11.7261	0.0974922	0.0978057
11.7299	0.0978057	0.097955
11.7327	0.097955	0.0980856
11.7421	0.0980856	0.0994499
11.7478	0.0994499	0.100019
11.7506	0.100019	0.100141
11.7535	0.100141	0.100374
11.7563	0.100374	0.100452
11.7629	0.100452	0.10102
11.7705	0.10102	0.101643
11.7733	0.101643	0.101563
11.7808	0.101563	0.101992
11.7846	0.101992	0.101993
11.7931	0.101993	0.102619
11.8044	0.102619	0.103417
11.811	0.103417	0.103365
11.8148	0.103365	0.102944
11.8195	0.102944	0.102701
11.8224	0.102701	0.102238
11.8262	0.102238	0.101959
11.829	0.101959	0.101589
11.8384	0.101589	0.10214
11.8441	0.10214	0.102123
11.8469	0.102123	0.101732
11.8498	0.101732	0.101391
11.8526	0.101391	0.101092
11.8592	0.101092	0.10133
11.8667	0.10133	0.101664
11.8696	0.101664	0.101331
11.8771	0.101331	0.101665
11.8809	0.101665	0.101457
11.8894	0.101457	0.1019
11.9007	0.1019	0.102537
11.9083	0.102537	0.10272
11.913	0.10272	0.102505
11.9177	0.102505	0.102567
11.9206	0.102567	0.102371
11.9243	0.102371	0.102325
11.9272	0.102325	0.102159
11.9375	0.102159	0.103014
11.9432	0.103014	0.103262
11.946	0.103262	0.103105
11.9479	0.103105	0.102842
11.9517	0.102842	0.102736
11.9536	0.102736	0.102519
11.9611	0.102519	0.102454
11.9687	0.102454	0.102398
11.9715	0.102398	0.102348
11.9791	0.102348	0.102304
11.9829	0.102304	0.102266
11.9914	0.102266	0.102233
12.0027	0.102233	0.102204
12.0112	0.102204	0.102303
12.0168	0.102303	0.102515
12.0206	0.102515	0.102576
12.0234	0.102576	0.102629
12.0272	0.102629	0.102675
12.031	0.102675	0.102716
12.0414	0.102716	0.102876
12.047	0.102876	0.103017
12.0499	0.103017	0.103015
12.0518	0.103015	0.103138
12.0555	0.103138	0.103246
12.0574	0.103246	0.10334
12.065	0.10334	0.103298
12.0725	0.103298	0.103385
12.0754	0.103385	0.103462
12.0829	0.103462	0.103404
12.0867	0.103404	0.103479
12.0952	0.103479	0.103544
12.1065	0.103544	0.103601
12.116	0.103601	0.103651
12.1226	0.103651	0.103944
12.1263	0.103944	0.104201
12.1292	0.104201	0.104426
12.133	0.104426	0.104498
12.1367	0.104498	0.104686
12.1481	0.104686	0.104975
12.1537	0.104975	0.105103
12.1566	0.105103	0.10534
12.1584	0.10534	0.105548
12.1622	0.105548	0.105729
12.1641	0.105729	0.105888
12.1707	0.105888	0.106777
12.1783	0.106777	0.10768
12.1811	0.10768	0.107845
12.1886	0.107845	0.108489
12.1924	0.108489	0.108678
12.2009	0.108678	0.109343
12.2122	0.109343	0.1103
12.2207	0.1103	0.110763
12.2264	0.110763	0.110793
12.2311	0.110793	0.110568
12.234	0.110568	0.110122
12.2377	0.110122	0.109857
12.2406	0.109857	0.109625
12.2519	0.109625	0.110297
12.2576	0.110297	0.110135
12.2604	0.110135	0.109743
12.2623	0.109743	0.109275
12.2661	0.109275	0.109116
12.2679	0.109116	0.108601
12.2746	0.108601	0.108776
12.2821	0.108776	0.109179
12.2849	0.109179	0.108782
12.2925	0.108782	0.109059
12.2963	0.109059	0.108927
12.3048	0.108927	0.109311
12.3161	0.109311	0.110147
12.3246	0.110147	0.110379
12.3302	0.110379	0.110331
12.335	0.110331	0.11004
12.3378	0.11004	0.109535
12.3416	0.109535	0.109343
12.3444	0.109343	0.10905
12.3567	0.10905	0.109919
12.3633	0.109919	0.110179
12.3661	0.110179	0.110032
12.368	0.110032	0.109778
12.3718	0.109778	0.10968
12.3737	0.10968	0.109345
12.3812	0.109345	0.109927
12.3888	0.109927	0.110436
12.3916	0.110436	0.110257
12.3954	0.110257	0.11035
12.402	0.11035	0.110181
12.4058	0.110181	0.110033
12.4143	0.110033	0.110029
12.4256	0.110029	0.109901
12.4341	0.109901	0.109913
12.4398	0.109913	0.109799
12.4445	0.109799	0.109824
12.4473	0.109824	0.109846
12.4501	0.109846	0.10974
12.4539	0.10974	0.109648
12.4671	0.109648	0.109817
12.4737	0.109817	0.10984
12.4766	0.10984	0.10986
12.4785	0.10986	0.109877
12.4822	0.109877	0.110018
12.4841	0.110018	0.11014
12.4917	0.11014	0.110123
12.4992	0.110123	0.110232
12.503	0.110232	0.110328
12.5068	0.110328	0.110412
12.5124	0.110412	0.110486
12.5181	0.110486	0.1108
12.5257	0.1108	0.110825
12.537	0.110825	0.110847
12.5445	0.110847	0.110741
12.5502	0.110741	0.110773
12.5559	0.110773	0.110802
12.5596	0.110802	0.110952
12.5615	0.110952	0.110958
12.5653	0.110958	0.111088
12.5804	0.111088	0.111327
12.588	0.111327	0.111661
12.5898	0.111661	0.111828
12.5936	0.111828	0.112225
12.5955	0.112225	0.112322
12.6021	0.112322	0.113032
12.6106	0.113032	0.113778
12.6125	0.113778	0.11368
12.6182	0.11368	0.11397
12.6257	0.11397	0.114599
12.6333	0.114599	0.115399
12.6427	0.115399	0.117224
12.6446	0.117224	0.118321
12.655	0.118321	0.119656
12.6606	0.119656	0.120199
12.6691	0.120199	0.120799
12.671	0.120799	0.120824
12.6758	0.120824	0.120721
12.6805	0.120721	0.120756
12.6861	0.120756	0.121287
12.6937	0.121287	0.122126
12.6975	0.122126	0.121485
12.7041	0.121485	0.120924
12.706	0.120924	0.120309
12.7116	0.120309	0.12002
12.7192	0.12002	0.120518
12.722	0.120518	0.120453
12.7305	0.120453	0.120396
12.7343	0.120396	0.120597
12.7437	0.120597	0.121147
12.7456	0.121147	0.121004
12.7532	0.121004	0.120878
12.7588	0.120878	0.120269
12.7664	0.120269	0.120485
12.7768	0.120485	0.120674
12.7805	0.120674	0.12059
12.7853	0.12059	0.120016
12.79	0.120016	0.119764
12.7956	0.119764	0.119794
12.7994	0.119794	0.119695
12.807	0.119695	0.119733
12.8136	0.119733	0.119766
12.8155	0.119766	0.119545
12.8211	0.119545	0.119227
12.8287	0.119227	0.119699
12.8315	0.119699	0.119736
12.8419	0.119736	0.120019
12.8523	0.120019	0.121267
12.8551	0.121267	0.121734
12.8636	0.121734	0.122642
12.8683	0.122642	0.122937
12.8778	0.122937	0.12407
12.8872	0.12407	0.125311
12.8891	0.125311	0.126022
12.8957	0.126022	0.126394
12.9004	0.126394	0.126095
12.9089	0.126095	0.126333
12.9118	0.126333	0.126291
12.9174	0.126291	0.126505
12.9231	0.126505	0.126692
12.9297	0.126692	0.127105
12.9316	0.127105	0.126842
12.9401	0.126842	0.126862
12.942	0.126862	0.126754
13.1742	0.126754	0.123535
13.1836	0.123535	0.121593
13.1912	0.121593	0.119894
13.2006	0.119894	0.118282
13.2176	0.118282	0.116997
13.2289	0.116997	0.115372
13.2384	0.115372	0.114326
13.2459	0.114326	0.11266
13.2535	0.11266	0.110953
13.261	0.110953	0.109708
13.2724	0.109708	0.108245
13.2818	0.108245	0.106964
13.2912	0.106964	0.106094
13.3016	0.106094	0.105457
13.3196	0.105457	0.105025
13.3299	0.105025	0.104522
13.3403	0.104522	0.104207
13.3479	0.104207	0.103931
13.3554	0.103931	0.103689
13.363	0.103689	0.103353
13.3743	0.103353	0.103184
13.3838	0.103184	0.103036
13.3941	0.103036	0.103032
13.4045	0.103032	0.103028
13.4234	0.103028	0.103149
13.4338	0.103149	0.103256
13.4442	0.103256	0.103349
13.4517	0.103349	0.10343
13.4593	0.10343	0.103501
13.4668	0.103501	0.103564
13.4772	0.103564	0.104993
13.4866	0.104993	0.105869
13.498	0.105869	0.106885
13.5084	0.106885	0.107775
13.5282	0.107775	0.109803
13.5405	0.109803	0.110703
13.5499	0.110703	0.111365
13.5574	0.111365	0.111569
13.565	0.111569	0.111748
13.5726	0.111748	0.111904
13.5829	0.111904	0.112416
13.5924	0.112416	0.112739
13.6037	0.112739	0.113272
13.6141	0.113272	0.113738
13.633	0.113738	0.115021
13.6443	0.115021	0.115143
13.6537	0.115143	0.114875
13.6613	0.114875	0.114516
13.6688	0.114516	0.114076
13.6764	0.114076	0.113817
13.6868	0.113817	0.11384
13.6962	0.11384	0.11386
13.699	0.11386	0.113002
13.7104	0.113002	0.112252
13.7198	0.112252	0.111345
13.7415	0.111345	0.111052
13.7519	0.111052	0.110546
13.7632	0.110546	0.110478
13.7708	0.110478	0.110293
13.7783	0.110293	0.110256
13.7859	0.110256	0.110099
13.7963	0.110099	0.110087
13.8057	0.110087	0.109951
13.8086	0.109951	0.109832
13.8199	0.109832	0.109728
13.8293	0.109728	0.109762
13.852	0.109762	0.109792
13.8624	0.109792	0.109943
13.8737	0.109943	0.10995
13.8812	0.10995	0.110081
13.8897	0.110081	0.110196
13.8963	0.110196	0.110297
13.9067	0.110297	0.110259
13.9171	0.110259	0.110477
13.919	0.110477	0.110417
13.9303	0.110417	0.11049
13.9388	0.11049	0.111554
13.9615	0.111554	0.11411
13.9719	0.11411	0.114846
13.9832	0.114846	0.115615
13.9907	0.115615	0.115788
13.9992	0.115788	0.116065
14.0068	0.116065	0.116182
14.0162	0.116182	0.116659
14.0266	0.116659	0.117077
14.0285	0.117077	0.116317
14.0398	0.116317	0.116902
14.0483	0.116902	0.11704
14.071	0.11704	0.11891
14.0814	0.11891	0.119046
14.0927	0.119046	0.11929
14.1002	0.11929	0.119004
14.1087	0.119004	0.118878
14.1163	0.118878	0.118644
14.1257	0.118644	0.118688
14.1361	0.118688	0.118852
14.138	0.118852	0.117996
14.1493	0.117996	0.118371
14.1578	0.118371	0.118325
14.1805	0.118325	0.120034
14.1824	0.120034	0.11903
14.1918	0.11903	0.117901
14.2031	0.117901	0.117039
14.2182	0.117039	0.117159
14.2201	0.117159	0.116514
14.2305	0.116514	0.1162
14.2381	0.1162	0.1158
14.2466	0.1158	0.115075
14.2551	0.115075	0.115315
14.2598	0.115315	0.114651
14.2683	0.114651	0.114195
14.2909	0.114195	0.11367
14.2985	0.11367	0.113961
14.3023	0.113961	0.113591
14.3136	0.113591	0.113142
14.3296	0.113142	0.112875
14.3353	0.112875	0.11314
14.341	0.11314	0.112748
14.3485	0.112748	0.112404
14.3636	0.112404	0.112979
14.3655	0.112979	0.112606
14.374	0.112606	0.112906
14.3834	0.112906	0.113167
14.4014	0.113167	0.112896
14.4155	0.112896	0.113409
14.4174	0.113409	0.113608
14.4269	0.113608	0.114907
14.4391	0.114907	0.116294
14.4476	0.116294	0.116507
14.459	0.116507	0.117319
14.4684	0.117319	0.118654
14.4778	0.118654	0.119947
14.4797	0.119947	0.119454
14.4882	0.119454	0.119897
14.4977	0.119897	0.120285
14.5109	0.120285	0.121124
14.525	0.121124	0.121484
14.5269	0.121484	0.120173
14.5364	0.120173	0.120027
14.5486	0.120027	0.120273
14.5571	0.120273	0.119989
14.5685	0.119989	0.120115
14.5779	0.120115	0.119976
14.5874	0.119976	0.119854
14.5892	0.119854	0.118872
14.5977	0.118872	0.118763
14.6072	0.118763	0.118793
14.6204	0.118793	0.119319
14.6346	0.119319	0.119904
14.6364	0.119904	0.118791
14.6459	0.118791	0.118817
14.6582	0.118817	0.119215
14.66	0.119215	0.118313
14.6685	0.118313	0.117399
14.6789	0.117399	0.116474
14.6884	0.116474	0.11579
14.6978	0.11579	0.115066
14.7063	0.115066	0.115308
14.7082	0.115308	0.114769
14.7186	0.114769	0.114298
14.729	0.114298	0.113511
14.7393	0.113511	0.112447
14.7412	0.112447	0.111516
14.7469	0.111516	0.110202
14.7554	0.110202	0.108551
14.7573	0.108551	0.107107
14.7658	0.107107	0.105844
14.7724	0.105844	0.104364
14.7809	0.104364	0.102818
14.7884	0.102818	0.101341
14.795	0.101341	0.0997982
14.7969	0.0997982	0.0983235
14.8073	0.0983235	0.097158
14.8177	0.097158	0.0961383
14.8271	0.0961383	0.095121
14.83	0.095121	0.0942309
14.8347	0.0942309	0.093452
14.8422	0.093452	0.0926455
14.8451	0.0926455	0.0920648
14.8536	0.0920648	0.0915567
14.8621	0.0915567	0.0913621
14.8696	0.0913621	0.0920669
14.8772	0.0920669	0.0926835
14.8847	0.0926835	0.0930981
14.8866	0.0930981	0.0928358
14.897	0.0928358	0.0937313
14.9083	0.0937313	0.0946399
14.9178	0.0946399	0.0953099
14.9206	0.0953099	0.0950212
14.9262	0.0950212	0.0952685
14.9338	0.0952685	0.095735
14.9357	0.095735	0.0953931
14.9451	0.0953931	0.095969
14.9527	0.095969	0.0963478
14.9593	0.0963478	0.0964294
14.9668	0.0964294	0.0965007
14.9744	0.0965007	0.0965631
14.9772	0.0965631	0.0961177
14.9867	0.0961177	0.096603
14.998	0.096603	0.0971526
