1.01413	0	0.014
1.05124	0.014	0.016875
1.089	0.016875	0.0240156
1.13148	0.0240156	0.0356387
1.13337	0.0356387	0.0460588
1.18623	0.0460588	0.0618015
1.24004	0.0618015	0.0823263
1.27969	0.0823263	0.100536
1.28157	0.100536	0.112094
1.33538	0.112094	0.123582
2.75503	0.123582	0.146884
2.86561	0.146884	0.142274
2.97605	0.142274	0.138364
3.08556	0.138364	0.148569
3.08745	0.148569	0.143873
3.19601	0.143873	0.139764
3.24226	0.139764	0.141668
3.30645	0.141668	0.13771
3.3546	0.13771	0.134496
3.41596	0.134496	0.139309
3.4641	0.139309	0.141645
3.51508	0.141645	0.144065
3.55473	0.144065	0.143432
3.61042	0.143432	0.143753
3.6142	0.143753	0.138159
3.66045	0.138159	0.134139
3.71237	0.134139	0.130121
3.71709	0.130121	0.126731
3.76241	0.126731	0.12364
3.81527	0.12364	0.12106
3.81999	0.12106	0.118677
3.86813	0.118677	0.117093
3.92477	0.117093	0.122706
3.96159	0.122706	0.125618
3.98047	0.125618	0.130041
4.03428	0.130041	0.134536
4.08053	0.134536	0.137219
4.10413	0.137219	0.137941
4.14378	0.137941	0.141074
4.14567	0.141074	0.137314
4.19287	0.137314	0.13415
4.21458	0.13415	0.131131
4.25423	0.131131	0.128615
4.29293	0.128615	0.130913
4.30332	0.130913	0.128424
4.37978	0.128424	0.132996
4.38167	0.132996	0.132246
4.42793	0.132246	0.132591
4.47229	0.132591	0.137142
4.52233	0.137142	0.147374
4.56953	0.147374	0.152702
4.5733	0.152702	0.157615
4.63183	0.157615	0.163413
4.68092	0.163413	0.168986
4.72812	0.168986	0.173613
4.77249	0.173613	0.177286
4.78004	0.177286	0.181
4.8329	0.181	0.1835
4.8801	0.1835	0.185563
4.93013	0.185563	0.187617
4.93202	0.187617	0.184165
4.97639	0.184165	0.185645
5.02548	0.185645	0.186564
5.07268	0.186564	0.187244
5.12177	0.187244	0.187713
5.12365	0.187713	0.188124
5.17085	0.188124	0.188858
5.21994	0.188858	0.189501
5.27186	0.189501	0.190689
5.27375	0.190689	0.185852
5.32284	0.185852	0.187746
5.37196	0.187746	0.195278
5.67023	0.195278	0.190618
5.71932	0.190618	0.186666
5.78068	0.186666	0.177082
5.82977	0.177082	0.168697
5.89018	0.168697	0.168985
5.93927	0.168985	0.167737
6.00063	0.167737	0.168145
6.04877	0.168145	0.166877
6.10919	0.166877	0.167267
6.11391	0.167267	0.160484
6.15545	0.160484	0.153798
6.21114	0.153798	0.147323
6.21775	0.147323	0.141908
6.26117	0.141908	0.13742
6.31876	0.13742	0.133617
6.32631	0.133617	0.13054
6.37162	0.13054	0.127972
6.42921	0.127972	0.132976
6.45564	0.132976	0.133479
6.49717	0.133479	0.138169
6.53871	0.138169	0.141773
6.56703	0.141773	0.141301
6.60668	0.141301	0.142514
6.64821	0.142514	0.143574
6.6501	0.143574	0.139628
6.68503	0.139628	0.136924
6.71807	0.136924	0.133809
6.80209	0.133809	0.136333
6.80397	0.136333	0.138416
6.85401	0.138416	0.142239
6.90404	0.142239	0.147709
6.91253	0.147709	0.142995
6.96162	0.142995	0.144871
6.96445	0.144871	0.140512
7.01354	0.140512	0.142823
7.06263	0.142823	0.14472
7.10889	0.14472	0.15113
7.15042	0.15113	0.155864
7.19479	0.155864	0.165131
7.19668	0.165131	0.167365
7.24199	0.167365	0.168819
7.29297	0.168819	0.170717
7.33167	0.170717	0.172002
7.38265	0.172002	0.174002
7.38453	0.174002	0.175752
7.43079	0.175752	0.177408
7.47799	0.177408	0.178357
7.5233	0.178357	0.180062
7.52519	0.180062	0.175429
7.5705	0.175429	0.176751
7.6177	0.176751	0.178032
7.66679	0.178032	0.179403
7.71493	0.179403	0.180852
7.71682	0.180852	0.182121
8.06799	0.182121	0.178731
8.06988	0.178731	0.170264
8.17844	0.170264	0.162856
8.21903	0.162856	0.161249
8.28794	0.161249	0.168343
8.33137	0.168343	0.166425
8.39745	0.166425	0.167872
8.44087	0.167872	0.166013
8.50695	0.166013	0.167136
8.50884	0.167136	0.160119
8.55415	0.160119	0.154354
8.61834	0.154354	0.14906
8.62023	0.14906	0.144428
8.6646	0.144428	0.140124
8.72029	0.140124	0.135359
8.72313	0.135359	0.131314
8.76655	0.131314	0.12765
8.82413	0.12765	0.131693
8.82697	0.131693	0.128482
8.87228	0.128482	0.131047
8.93364	0.131047	0.135541
8.93836	0.135541	0.132848
8.98273	0.132848	0.135742
9.04314	0.135742	0.140149
9.04503	0.140149	0.136631
9.07146	0.136631	0.136177
9.09412	0.136177	0.133155
9.15359	0.133155	0.13026
9.19041	0.13026	0.132103
9.19229	0.132103	0.130715
9.231	0.130715	0.131376
9.26404	0.131376	0.128829
9.30085	0.128829	0.126475
9.34711	0.126475	0.130041
9.349	0.130041	0.133286
9.39525	0.133286	0.13725
9.45001	0.13725	0.143344
9.49626	0.143344	0.149926
9.54535	0.149926	0.155935
9.54724	0.155935	0.161318
9.58594	0.161318	0.164903
9.63314	0.164903	0.167165
9.67845	0.167165	0.16902
9.72377	0.16902	0.170142
9.72565	0.170142	0.171124
9.76908	0.171124	0.172734
9.8125	0.172734	0.173517
9.86159	0.173517	0.174703
9.87009	0.174703	0.17124
9.90596	0.17124	0.172335
9.95221	0.172335	0.173668
9.99753	0.173668	0.175084
10.0419	0.175084	0.175699
10.0438	0.175699	0.175362
10.0872	0.175362	0.176191
10.3912	0.176191	0.173667
10.4393	0.173667	0.165959
10.5016	0.165959	0.158964
10.5498	0.158964	0.152844
10.6111	0.152844	0.155238
10.6593	0.155238	0.155583
10.7206	0.155583	0.15751
10.7688	0.15751	0.157447
10.8301	0.157447	0.159141
10.832	0.159141	0.153248
10.8792	0.153248	0.147967
10.9406	0.147967	0.143221
10.9689	0.143221	0.142319
10.9897	0.142319	0.138279
11.051	0.138279	0.134869
11.0794	0.134869	0.131885
11.1001	0.131885	0.129275
11.1605	0.129275	0.13449
11.1907	0.13449	0.135054
11.2125	0.135054	0.134797
11.271	0.134797	0.139198
11.3002	0.139198	0.139298
11.3248	0.139298	0.138636
11.3805	0.138636	0.142306
11.3824	0.142306	0.138518
11.4107	0.138518	0.134953
11.4362	0.134953	0.132084
11.4909	0.132084	0.129324
11.5202	0.129324	0.130408
11.5221	0.130408	0.128107
11.5617	0.128107	0.127719
11.6052	0.127719	0.126129
11.6306	0.126129	0.124113
11.6694	0.124113	0.126974
11.6712	0.126974	0.129727
11.7147	0.129727	0.132636
11.7505	0.132636	0.134182
11.7921	0.134182	0.137659
11.8327	0.137659	0.140827
11.8808	0.140827	0.149348
11.8827	0.149348	0.15168
11.929	0.15168	0.15497
11.9743	0.15497	0.158348
12.0177	0.158348	0.16168
12.0564	0.16168	0.16347
12.0611	0.16347	0.165411
12.1045	0.165411	0.166735
12.1536	0.166735	0.168268
12.1952	0.168268	0.169484
12.1999	0.169484	0.166174
12.2376	0.166174	0.167402
12.2745	0.167402	0.167727
12.3292	0.167727	0.168761
12.3745	0.168761	0.170041
12.3783	0.170041	0.171161
12.4208	0.171161	0.177391
12.7144	0.177391	0.175342
12.7606	0.175342	0.167549
12.8248	0.167549	0.160355
12.8711	0.160355	0.154186
12.9343	0.154186	0.156663
12.9806	0.156663	0.15658
13.0438	0.15658	0.158507
13.0901	0.158507	0.158194
13.1533	0.158194	0.160045
13.1552	0.160045	0.154039
13.2034	0.154039	0.148909
13.2638	0.148909	0.144046
13.3072	0.144046	0.14504
13.3138	0.14504	0.14066
13.3742	0.14066	0.136952
13.4176	0.136952	0.133583
13.4866	0.133583	0.13851
13.4884	0.13851	0.143072
13.5271	0.143072	0.144313
13.597	0.144313	0.148649
13.5989	0.148649	0.144068
13.6366	0.144068	0.144559
13.7065	0.144559	0.148864
13.7084	0.148864	0.144256
13.7358	0.144256	0.143349
13.749	0.143349	0.139431
13.817	0.139431	0.135752
13.8188	0.135752	0.132533
13.849	0.132533	0.130216
13.8613	0.130216	0.128064
13.9274	0.128064	0.125931
13.9331	0.125931	0.124565
13.9595	0.124565	0.122744
14.0152	0.122744	0.126651
14.0369	0.126651	0.132695
14.0718	0.132695	0.134108
14.1115	0.134108	0.139594
14.1502	0.139594	0.14602
14.1861	0.14602	0.149143
14.1879	0.149143	0.149375
14.2229	0.149375	0.149578
14.2644	0.149578	0.150006
14.3041	0.150006	0.150505
14.3475	0.150505	0.151817
14.3494	0.151817	0.15309
14.3871	0.15309	0.154579
14.4419	0.154579	0.157381
14.4825	0.157381	0.159959
14.4844	0.159959	0.157089
14.5268	0.157089	0.159578
14.575	0.159578	0.163005
14.6184	0.163005	0.164755
14.6656	0.164755	0.167035
14.6675	0.167035	0.169031
14.71	0.169031	0.170777
14.9724	0.170777	0.16868
