1.01348	0	0.013
1.03802	0.013	0.0145
1.07578	0.0145	0.0204375
1.11354	0.0204375	0.0303828
1.14941	0.0303828	0.043585
1.20228	0.043585	0.0617618
1.20417	0.0617618	0.0779166
1.64785	0.0779166	0.082177
1.70732	0.082177	0.0859049
1.75829	0.0859049	0.0952918
1.76018	0.0952918	0.0977553
1.81682	0.0977553	0.106661
1.8678	0.106661	0.113328
1.86969	0.113328	0.113037
1.93199	0.113037	0.120283
1.9773	0.120283	0.125372
1.97919	0.125372	0.123701
2.01695	0.123701	0.126613
2.04244	0.126613	0.124662
2.08775	0.124662	0.122829
2.12645	0.122829	0.12585
2.12834	0.12585	0.124119
2.17271	0.124119	0.124854
2.21802	0.124854	0.125622
2.2369	0.125622	0.12367
2.28882	0.12367	0.128211
2.29165	0.128211	0.132559
2.33413	0.132559	0.13624
2.37567	0.13624	0.138835
2.41532	0.138835	0.143855
2.4578	0.143855	0.146998
2.45969	0.146998	0.149624
2.49839	0.149624	0.151421
2.53993	0.151421	0.152993
2.58429	0.152993	0.154994
2.62489	0.154994	0.156495
2.62677	0.156495	0.157808
2.66642	0.157808	0.159082
2.70796	0.159082	0.160197
2.74666	0.160197	0.160422
2.74855	0.160422	0.155869
2.78914	0.155869	0.156761
2.83068	0.156761	0.157666
2.87505	0.157666	0.158957
2.91658	0.158957	0.160338
2.91847	0.160338	0.161545
2.96001	0.161545	0.162727
3.00909	0.162727	0.164761
3.04874	0.164761	0.171416
3.05063	0.171416	0.171864
3.10066	0.171864	0.173381
3.13937	0.173381	0.179334
3.17996	0.179334	0.184292
3.22716	0.184292	0.188505
3.22905	0.188505	0.187567
3.26964	0.187567	0.191496
3.63969	0.191496	0.180434
3.685	0.180434	0.17613
3.74353	0.17613	0.174114
3.78695	0.174114	0.170725
3.84642	0.170725	0.169634
3.90117	0.169634	0.16818
3.95593	0.16818	0.168282
3.95781	0.168282	0.161122
4.01257	0.161122	0.154857
4.06637	0.154857	0.149375
4.08525	0.149375	0.146703
4.12301	0.146703	0.14224
4.17682	0.14224	0.13821
4.25706	0.13821	0.142434
4.25895	0.142434	0.146254
4.29577	0.146254	0.149473
4.36657	0.149473	0.154539
4.36845	0.154539	0.149096
4.41093	0.149096	0.149459
4.47607	0.149459	0.153402
4.47796	0.153402	0.148102
4.52705	0.148102	0.149464
4.57425	0.149464	0.151281
4.58652	0.151281	0.146121
4.63561	0.146121	0.147606
4.63749	0.147606	0.142905
4.6913	0.142905	0.139667
4.73567	0.139667	0.140834
4.747	0.140834	0.137104
4.79137	0.137104	0.139216
4.80175	0.139216	0.135564
4.85367	0.135564	0.138869
4.8565	0.138869	0.136635
4.90087	0.136635	0.138806
4.95657	0.138806	0.14208
4.99905	0.14208	0.14907
5.04908	0.14907	0.154936
5.08967	0.154936	0.164694
5.09156	0.164694	0.167982
5.14348	0.167982	0.17036
5.18879	0.17036	0.17269
5.23977	0.17269	0.174853
5.29263	0.174853	0.178372
5.29452	0.178372	0.18145
5.34077	0.18145	0.183394
5.39458	0.183394	0.18622
5.43423	0.18622	0.187317
5.43612	0.187317	0.181903
5.49087	0.181903	0.183665
5.53052	0.183665	0.184457
5.57961	0.184457	0.184525
5.62114	0.184525	0.184834
5.62397	0.184834	0.185355
5.6674	0.185355	0.19106
5.95721	0.19106	0.186178
5.9893	0.186178	0.176906
6.06765	0.176906	0.168542
6.09975	0.168542	0.161225
6.16961	0.161225	0.163572
6.20265	0.163572	0.16
6.27439	0.16	0.161875
6.30932	0.161875	0.159141
6.38484	0.159141	0.161998
6.38673	0.161998	0.155748
6.41977	0.155748	0.15003
6.49529	0.15003	0.145151
6.53021	0.145151	0.145007
6.5321	0.145007	0.141006
6.60573	0.141006	0.137131
6.64066	0.137131	0.133739
6.67653	0.133739	0.135022
6.71524	0.135022	0.141019
6.75677	0.141019	0.142267
6.79831	0.142267	0.144233
6.85117	0.144233	0.148079
6.90026	0.148079	0.152694
6.90781	0.152694	0.152482
6.96068	0.152482	0.153672
7.00033	0.153672	0.153088
7.01071	0.153088	0.147702
7.09945	0.147702	0.153239
7.107	0.153239	0.152334
7.14948	0.152334	0.151918
7.19385	0.151918	0.155803
7.20989	0.155803	0.150078
7.30429	0.150078	0.156068
7.30618	0.156068	0.156184
7.35055	0.156184	0.156286
7.40058	0.156286	0.162626
7.44495	0.162626	0.171672
7.49781	0.171672	0.174338
7.4997	0.174338	0.176671
7.54501	0.176671	0.178962
7.59221	0.178962	0.180592
7.63658	0.180592	0.182018
7.68567	0.182018	0.182766
7.68756	0.182766	0.18342
7.7357	0.18342	0.184242
7.78573	0.184242	0.185337
7.8386	0.185337	0.18742
7.84049	0.18742	0.183367
7.88391	0.183367	0.184947
7.92922	0.184947	0.186078
7.97548	0.186078	0.186568
8.02457	0.186568	0.186497
8.02645	0.186497	0.186435
8.07082	0.186435	0.186506
8.11613	0.186506	0.186568
8.15767	0.186568	0.185997
8.15956	0.185997	0.185747
8.20676	0.185747	0.185279
8.25113	0.185279	0.190244
8.29077	0.190244	0.193963
8.33609	0.193963	0.197218
8.33797	0.197218	0.195066
8.37573	0.195066	0.197682
8.67026	0.197682	0.195097
8.67593	0.195097	0.18496
8.7741	0.18496	0.184465
8.77977	0.184465	0.175032
8.88172	0.175032	0.178903
8.88644	0.178903	0.17054
8.99122	0.17054	0.175723
8.99311	0.175723	0.167757
9.01293	0.167757	0.162538
9.10167	0.162538	0.15597
9.13565	0.15597	0.154224
9.13754	0.154224	0.150571
9.21212	0.150571	0.145625
9.28669	0.145625	0.146297
9.29708	0.146297	0.14826
9.34617	0.14826	0.155852
9.3962	0.155852	0.159371
9.44623	0.159371	0.159449
9.49343	0.159449	0.164018
9.53969	0.164018	0.167641
9.57933	0.167641	0.169561
9.60293	0.169561	0.167866
9.60482	0.167866	0.160757
9.65108	0.160757	0.154663
9.69073	0.154663	0.149205
9.77757	0.149205	0.152429
9.78135	0.152429	0.155501
9.82289	0.155501	0.157438
9.87481	0.157438	0.160758
9.88802	0.160758	0.154539
9.98053	0.154539	0.160096
9.98242	0.160096	0.165209
10.0258	0.165209	0.169933
10.073	0.169933	0.173566
10.1212	0.173566	0.180996
10.1665	0.180996	0.181621
10.1684	0.181621	0.182169
10.2175	0.182169	0.183397
10.2637	0.183397	0.184223
10.31	0.184223	0.184695
10.3591	0.184695	0.185733
10.361	0.185733	0.186516
10.4016	0.186516	0.186202
10.4525	0.186202	0.186552
10.4978	0.186552	0.186733
10.4997	0.186733	0.180891
10.545	0.180891	0.181405
10.5894	0.181405	0.182229
10.6394	0.182229	0.182825
10.6829	0.182825	0.183097
10.6848	0.183097	0.183335
10.7272	0.183335	0.183168
11.0189	0.183168	0.179522
11.0652	0.179522	0.171082
11.1294	0.171082	0.163572
11.1756	0.163572	0.156875
11.2389	0.156875	0.158891
11.2851	0.158891	0.158529
11.3484	0.158529	0.160338
11.3946	0.160338	0.159796
11.4579	0.159796	0.161322
11.4598	0.161322	0.155031
11.5051	0.155031	0.149527
11.5683	0.149527	0.144711
11.6061	0.144711	0.144998
11.6155	0.144998	0.140623
11.6788	0.140623	0.136795
11.7534	0.136795	0.138071
11.7571	0.138071	0.138562
11.7977	0.138562	0.143992
11.8629	0.143992	0.148993
11.9063	0.148993	0.149494
11.9478	0.149494	0.154557
11.9913	0.154557	0.159487
12.0375	0.159487	0.161426
12.0573	0.161426	0.160123
12.0592	0.160123	0.154108
12.1026	0.154108	0.148719
12.148	0.148719	0.143879
12.2301	0.143879	0.147519
12.232	0.147519	0.150579
12.2688	0.150579	0.152507
12.3179	0.152507	0.154694
12.3405	0.154694	0.149107
12.3877	0.149107	0.149969
12.3896	0.149969	0.146348
12.4302	0.146348	0.148304
12.4812	0.148304	0.150266
12.5237	0.150266	0.154358
12.5662	0.154358	0.157438
12.5699	0.157438	0.160258
12.6162	0.160258	0.163476
12.6624	0.163476	0.165667
12.7096	0.165667	0.168208
12.754	0.168208	0.170682
12.7559	0.170682	0.172597
12.804	0.172597	0.174522
12.8503	0.174522	0.176207
12.9022	0.176207	0.178306
12.9041	0.178306	0.174768
12.9504	0.174768	0.177297
12.9947	0.177297	0.178885
13.0372	0.178885	0.179899
13.0844	0.179899	0.180162
13.0863	0.180162	0.180392
13.1344	0.180392	0.180843
13.1845	0.180843	0.181987
13.2336	0.181987	0.189114
13.2354	0.189114	0.190225
13.2798	0.190225	0.190822
13.3261	0.190822	0.196969
13.3723	0.196969	0.202098
13.4101	0.202098	0.205086
13.4186	0.205086	0.202575
13.4582	0.202575	0.205128
13.7216	0.205128	0.199112
13.7235	0.199112	0.188098
13.8321	0.188098	0.188336
13.8339	0.188336	0.178794
13.9425	0.178794	0.18382
13.9444	0.18382	0.174842
14.053	0.174842	0.180362
14.0548	0.180362	0.171817
14.0841	0.171817	0.16784
14.1634	0.16784	0.160735
14.1983	0.160735	0.158643
14.2021	0.158643	0.153562
14.2738	0.153562	0.148117
14.3654	0.148117	0.150477
14.3673	0.150477	0.152793
14.4117	0.152793	0.159819
14.4749	0.159819	0.164966
14.4768	0.164966	0.158221
14.5212	0.158221	0.157693
14.5844	0.157693	0.159606
14.5863	0.159606	0.153656
14.6307	0.153656	0.153699
14.6326	0.153699	0.148361
14.6949	0.148361	0.143566
14.7279	0.143566	0.143245
14.7421	0.143245	0.13934
14.7751	0.13934	0.139797
14.8053	0.139797	0.136198
14.8874	0.136198	0.139173
14.8893	0.139173	0.140151
14.9328	0.140151	0.142257
14.9818	0.142257	0.150225
