1.04019	0	0.04
1.0813	0.04	0.040125
1.08319	0.040125	0.0404844
1.08508	0.0404844	0.0410488
1.08697	0.0410488	0.0416677
1.08885	0.0416677	0.0424593
1.12233	0.0424593	0.0474019
1.12422	0.0474019	0.0468516
1.12611	0.0468516	0.0463702
1.128	0.0463702	0.0458239
1.12988	0.0458239	0.0455959
1.13177	0.0455959	0.0455214
1.13366	0.0455214	0.0454562
1.16336	0.0454562	0.0491492
1.16525	0.0491492	0.0483806
1.16714	0.0483806	0.047708
1.16903	0.047708	0.0473695
1.17092	0.0473695	0.0469483
1.21762	0.0469483	0.0463298
1.21951	0.0463298	0.0457885
1.2214	0.0457885	0.045315
1.22329	0.045315	0.0449006
1.24827	0.0449006	0.044538
1.25016	0.044538	0.0442208
1.25204	0.0442208	0.0439432
1.25393	0.0439432	0.0437003
1.25583	0.0437003	0.0434877
1.25865	0.0434877	0.0434268
1.26054	0.0434268	0.0433734
1.26243	0.0433734	0.0433267
1.26432	0.0433267	0.0432859
1.2893	0.0432859	0.0461252
1.29119	0.0461252	0.0457345
1.29308	0.0457345	0.0453927
1.29496	0.0453927	0.0449686
1.29686	0.0449686	0.0447225
1.29968	0.0447225	0.0446322
1.30157	0.0446322	0.0444282
1.30346	0.0444282	0.0442497
1.38271	0.0442497	0.0439685
1.3846	0.0439685	0.0437224
1.38649	0.0437224	0.0435071
1.38839	0.0435071	0.0433187
1.41336	0.0433187	0.0431539
1.41525	0.0431539	0.0431346
1.41714	0.0431346	0.0431178
1.41904	0.0431178	0.0431031
1.42094	0.0431031	0.0429652
1.42469	0.0429652	0.0428445
1.42658	0.0428445	0.042739
1.42846	0.042739	0.0426466
1.43036	0.0426466	0.0425658
1.45533	0.0425658	0.0424951
1.45722	0.0424951	0.0424332
1.45911	0.0424332	0.042379
1.46101	0.042379	0.0423316
1.46291	0.0423316	0.0422902
1.46666	0.0422902	0.0422539
1.46855	0.0422539	0.0422222
1.47044	0.0422222	0.0421944
1.47234	0.0421944	0.0421701
1.49731	0.0421701	0.0421488
1.4992	0.0421488	0.0421302
1.50108	0.0421302	0.042114
1.50299	0.042114	0.0419747
1.50487	0.0419747	0.0421029
1.50769	0.0421029	0.042465
1.50958	0.042465	0.0425319
1.51147	0.0425319	0.0425904
1.51337	0.0425904	0.0426416
1.53834	0.0426416	0.0455614
1.54023	0.0455614	0.0452412
1.54212	0.0452412	0.0449611
1.544	0.0449611	0.0447159
1.54589	0.0447159	0.0445014
1.54778	0.0445014	0.0443138
1.54967	0.0443138	0.0440245
1.55156	0.0440245	0.0437715
1.55344	0.0437715	0.04355
1.55534	0.04355	0.0433563
1.58031	0.0433563	0.0431867
1.5822	0.0431867	0.0430384
1.58409	0.0430384	0.0429086
1.58598	0.0429086	0.04292
1.58787	0.04292	0.04293
1.58975	0.04293	0.0430638
1.59164	0.0430638	0.0431808
1.59353	0.0431808	0.0432832
1.59542	0.0432832	0.0433728
1.59731	0.0433728	0.0434512
1.62134	0.0434512	0.0462698
1.62323	0.0462698	0.0458611
1.62512	0.0458611	0.0455034
1.62701	0.0455034	0.0451905
1.6289	0.0451905	0.0449167
1.63078	0.0449167	0.0446771
1.63267	0.0446771	0.0444675
1.63456	0.0444675	0.044284
1.63645	0.044284	0.0441235
1.63834	0.0441235	0.0439831
1.66237	0.0439831	0.0466102
1.66426	0.0466102	0.0461589
1.66615	0.0461589	0.0457641
1.66804	0.0457641	0.0454186
1.66993	0.0454186	0.0449912
1.67181	0.0449912	0.0447423
1.6737	0.0447423	0.0445245
1.67559	0.0445245	0.044334
1.67748	0.044334	0.0441672
1.67937	0.0441672	0.0440213
1.7034	0.0440213	0.0466437
1.70529	0.0466437	0.0461882
1.70718	0.0461882	0.0457897
1.70907	0.0457897	0.045441
1.71096	0.045441	0.0450108
1.71284	0.0450108	0.0447595
1.71473	0.0447595	0.0445395
1.71662	0.0445395	0.0443471
1.71851	0.0443471	0.0441787
1.7204	0.0441787	0.0440314
1.74444	0.0440314	0.0466525
1.74632	0.0466525	0.0461959
1.74821	0.0461959	0.0457964
1.7501	0.0457964	0.0454469
1.75199	0.0454469	0.045016
1.75388	0.045016	0.044764
1.75576	0.044764	0.0445435
1.75765	0.0445435	0.0443506
1.75954	0.0443506	0.0441817
1.76143	0.0441817	0.044034
1.78547	0.044034	0.0466548
1.78735	0.0466548	0.0461979
1.78924	0.0461979	0.0457982
1.79113	0.0457982	0.0454484
1.79302	0.0454484	0.0451424
1.79491	0.0451424	0.0448746
1.79679	0.0448746	0.0446402
1.79868	0.0446402	0.0444352
1.80057	0.0444352	0.0442558
1.80246	0.0442558	0.0440988
1.8265	0.0440988	0.0467115
1.82838	0.0467115	0.0462475
1.83027	0.0462475	0.0458416
1.83216	0.0458416	0.0454864
1.83405	0.0454864	0.0451756
1.83594	0.0451756	0.0447787
1.83782	0.0447787	0.0445563
1.83971	0.0445563	0.0443618
1.8416	0.0443618	0.0441916
1.84349	0.0441916	0.0440426
1.86753	0.0440426	0.0466623
1.86941	0.0466623	0.0462045
1.8713	0.0462045	0.0458039
1.87319	0.0458039	0.0454534
1.87508	0.0454534	0.0451468
1.87697	0.0451468	0.0447534
1.87885	0.0447534	0.0445342
1.88074	0.0445342	0.0443425
1.88263	0.0443425	0.0441747
1.88548	0.0441747	0.0441528
1.99726	0.0441528	0.0438837
1.99915	0.0438837	0.0436482
2.00104	0.0436482	0.0434422
2.00293	0.0434422	0.0432619
2.00482	0.0432619	0.0431042
2.0067	0.0431042	0.0429662
2.03171	0.0429662	0.0454704
2.03548	0.0454704	0.0451616
2.03736	0.0451616	0.0447664
2.03925	0.0447664	0.0444206
2.04114	0.0444206	0.044118
2.04303	0.044118	0.0438533
2.04492	0.0438533	0.0436216
2.0468	0.0436216	0.0434189
2.04869	0.0434189	0.0432415
2.07369	0.0432415	0.0430864
2.07745	0.0430864	0.0429506
2.07934	0.0429506	0.0428317
2.08123	0.0428317	0.0427278
2.08311	0.0427278	0.0426368
2.085	0.0426368	0.0425572
2.08689	0.0425572	0.0424875
2.08878	0.0424875	0.0424266
2.09067	0.0424266	0.0423733
2.11566	0.0423733	0.0423266
2.11942	0.0423266	0.0422858
2.12131	0.0422858	0.0422501
2.1232	0.0422501	0.0422188
2.12509	0.0422188	0.0421915
2.12698	0.0421915	0.0420425
2.12886	0.0420425	0.0420372
2.13075	0.0420372	0.0420326
2.13264	0.0420326	0.0420285
2.15669	0.0420285	0.0450249
2.16045	0.0450249	0.0450218
2.16234	0.0450218	0.0447691
2.16423	0.0447691	0.0445479
2.16612	0.0445479	0.0443545
2.16801	0.0443545	0.0441851
2.16989	0.0441851	0.044037
2.17178	0.044037	0.0439074
2.17367	0.0439074	0.043794
2.17556	0.043794	0.0436947
2.19867	0.0436947	0.0434829
2.20243	0.0434829	0.0432975
2.20432	0.0432975	0.0431353
2.2062	0.0431353	0.0429934
2.20809	0.0429934	0.0428692
2.20998	0.0428692	0.0426356
2.21187	0.0426356	0.0425561
2.21376	0.0425561	0.0424866
2.21564	0.0424866	0.0426758
2.21753	0.0426758	0.0428413
2.2397	0.0428413	0.0454861
2.24346	0.0454861	0.0454254
2.24535	0.0454254	0.0451222
2.24724	0.0451222	0.0448569
2.24912	0.0448569	0.0446248
2.25101	0.0446248	0.0444217
2.2529	0.0444217	0.044244
2.25479	0.044244	0.0440885
2.25668	0.0440885	0.0439524
2.25856	0.0439524	0.0438334
2.28073	0.0438334	0.0462292
2.28449	0.0462292	0.0460756
2.28638	0.0460756	0.0456911
2.28827	0.0456911	0.0453547
2.29015	0.0453547	0.0450604
2.29204	0.0450604	0.0448028
2.29393	0.0448028	0.0444525
2.29582	0.0444525	0.0442709
2.29771	0.0442709	0.0441121
2.29959	0.0441121	0.043973
2.32176	0.043973	0.0463514
2.32552	0.0463514	0.0461825
2.32741	0.0461825	0.0457847
2.3293	0.0457847	0.0454366
2.33118	0.0454366	0.045132
2.33307	0.045132	0.0448655
2.33496	0.0448655	0.0445073
2.33685	0.0445073	0.0443189
2.33874	0.0443189	0.044154
2.34062	0.044154	0.0440098
2.36279	0.0440098	0.0463836
2.36655	0.0463836	0.0462106
2.36844	0.0462106	0.0458093
2.37033	0.0458093	0.0454581
2.37221	0.0454581	0.0451509
2.3741	0.0451509	0.044882
2.37599	0.044882	0.0445218
2.37788	0.0445218	0.0443315
2.37977	0.0443315	0.0441651
2.38165	0.0441651	0.0440195
2.40382	0.0440195	0.046392
2.40758	0.046392	0.046218
2.40947	0.046218	0.0458158
2.41136	0.0458158	0.0454638
2.41324	0.0454638	0.0451558
2.41513	0.0451558	0.0448863
2.41702	0.0448863	0.0446505
2.41891	0.0446505	0.0444442
2.4208	0.0444442	0.0442637
2.42268	0.0442637	0.0441057
2.44485	0.0441057	0.0464675
2.44861	0.0464675	0.0462841
2.4505	0.0462841	0.0458736
2.45239	0.0458736	0.0455144
2.45428	0.0455144	0.0452001
2.45616	0.0452001	0.0449251
2.45805	0.0449251	0.0446844
2.45994	0.0446844	0.0443489
2.46183	0.0443489	0.0441803
2.46372	0.0441803	0.0440327
2.48588	0.0440327	0.0464036
2.48964	0.0464036	0.0462282
2.49153	0.0462282	0.0458247
2.49342	0.0458247	0.0454716
2.49531	0.0454716	0.0451626
2.49719	0.0451626	0.0448923
2.49908	0.0448923	0.0446558
2.50097	0.0446558	0.0443238
2.50286	0.0443238	0.0441583
2.50475	0.0441583	0.0440135
2.52691	0.0440135	0.0463868
2.53067	0.0463868	0.0462135
2.53256	0.0462135	0.0458118
2.53445	0.0458118	0.0454603
2.53634	0.0454603	0.0451528
2.53822	0.0451528	0.0448837
2.54011	0.0448837	0.0446482
2.542	0.0446482	0.0444422
2.54389	0.0444422	0.0442619
2.54578	0.0442619	0.0441042
2.56794	0.0441042	0.0464662
2.5717	0.0464662	0.0462829
2.57359	0.0462829	0.0458725
2.57548	0.0458725	0.0455135
2.57737	0.0455135	0.0451993
2.57925	0.0451993	0.0449244
2.58114	0.0449244	0.0446838
2.58303	0.0446838	0.0444733
2.58492	0.0444733	0.0441642
2.58681	0.0441642	0.0440187
2.60897	0.0440187	0.0463913
2.61273	0.0463913	0.0462174
2.61462	0.0462174	0.0458152
2.61651	0.0458152	0.0454633
2.6184	0.0454633	0.0451554
2.62028	0.0451554	0.044886
2.62217	0.044886	0.0446502
2.62406	0.0446502	0.044444
2.62595	0.044444	0.0441385
2.62784	0.0441385	0.0439962
2.65	0.0439962	0.0464966
2.65376	0.0464966	0.0463096
2.65565	0.0463096	0.0458959
2.65754	0.0458959	0.0455339
2.65943	0.0455339	0.0452171
2.66132	0.0452171	0.04494
2.6632	0.04494	0.0446975
2.66509	0.0446975	0.0444853
2.66698	0.0444853	0.0441746
2.66887	0.0441746	0.0440278
2.69103	0.0440278	0.0465243
2.69479	0.0465243	0.0462088
2.69668	0.0462088	0.0458077
2.69857	0.0458077	0.0454567
2.70046	0.0454567	0.0451496
2.70235	0.0451496	0.0448809
2.70423	0.0448809	0.0446458
2.70612	0.0446458	0.0444401
2.70801	0.0444401	0.0442601
2.7099	0.0442601	0.0441026
2.73206	0.0441026	0.0465897
2.73582	0.0465897	0.046266
2.73771	0.046266	0.0458578
2.7396	0.0458578	0.0455006
2.74149	0.0455006	0.045188
2.74338	0.045188	0.0449145
2.74526	0.0449145	0.0446752
2.74715	0.0446752	0.0444658
2.74904	0.0444658	0.0442826
2.75093	0.0442826	0.0439972
2.77309	0.0439972	0.0464976
2.77685	0.0464976	0.0461854
2.77874	0.0461854	0.0457872
2.78063	0.0457872	0.0454388
2.78252	0.0454388	0.045134
2.78441	0.045134	0.0448672
2.78629	0.0448672	0.0446338
2.78818	0.0446338	0.0444296
2.79007	0.0444296	0.0442509
2.79196	0.0442509	0.0439695
2.81412	0.0439695	0.0464733
2.81788	0.0464733	0.0461642
2.81977	0.0461642	0.0457686
2.82166	0.0457686	0.0454226
2.82355	0.0454226	0.0451197
2.82544	0.0451197	0.0448548
2.82732	0.0448548	0.0446229
2.82921	0.0446229	0.0444201
2.8311	0.0444201	0.0442426
2.83299	0.0442426	0.0439622
2.85515	0.0439622	0.046467
2.85892	0.046467	0.0461586
2.8608	0.0461586	0.0457638
2.86269	0.0457638	0.0454183
2.86458	0.0454183	0.045116
2.86647	0.045116	0.0448515
2.86836	0.0448515	0.0446201
2.87024	0.0446201	0.0444176
2.87213	0.0444176	0.0442404
2.87402	0.0442404	0.0440853
2.89618	0.0440853	0.0465747
2.89995	0.0465747	0.0462528
2.90183	0.0462528	0.0458462
2.90372	0.0458462	0.0454904
2.90561	0.0454904	0.0451791
2.9075	0.0451791	0.0449067
2.90939	0.0449067	0.0446684
2.91127	0.0446684	0.0444598
2.91316	0.0444598	0.0442774
2.91505	0.0442774	0.0441177
2.93721	0.0441177	0.046478
2.94098	0.046478	0.0461682
2.94286	0.0461682	0.0457722
2.94475	0.0457722	0.0454257
2.94664	0.0454257	0.0451225
2.94853	0.0451225	0.0448572
2.95042	0.0448572	0.044625
2.9523	0.044625	0.0444219
2.95419	0.0444219	0.0442442
2.95608	0.0442442	0.0440886
2.97824	0.0440886	0.0464526
2.98201	0.0464526	0.046271
2.98389	0.046271	0.0458621
2.98578	0.0458621	0.0455043
2.98767	0.0455043	0.0451913
2.98956	0.0451913	0.0449174
2.99145	0.0449174	0.0446777
2.99333	0.0446777	0.044468
2.99522	0.044468	0.0442845
2.99711	0.0442845	0.0441239
3.01927	0.0441239	0.0464834
3.02304	0.0464834	0.046298
3.02492	0.046298	0.0457608
3.02681	0.0457608	0.0454157
3.0287	0.0454157	0.0451137
3.03059	0.0451137	0.0448495
3.03248	0.0448495	0.0446183
3.03436	0.0446183	0.044416
3.03625	0.044416	0.044239
3.03814	0.044239	0.0440841
3.0603	0.0440841	0.0464486
3.06407	0.0464486	0.0462675
3.06596	0.0462675	0.0457341
3.06784	0.0457341	0.0453923
3.06973	0.0453923	0.0450933
3.07162	0.0450933	0.0448316
3.07351	0.0448316	0.0446027
3.0754	0.0446027	0.0444023
3.07728	0.0444023	0.044227
3.07917	0.044227	0.0440737
3.10133	0.0440737	0.0464395
3.1051	0.0464395	0.0462595
3.10699	0.0462595	0.0457271
3.10887	0.0457271	0.0453862
3.11076	0.0453862	0.0450879
3.11265	0.0450879	0.0448269
3.11454	0.0448269	0.0445986
3.11643	0.0445986	0.0443987
3.11831	0.0443987	0.0442239
3.1202	0.0442239	0.0440709
3.14236	0.0440709	0.046437
3.14613	0.046437	0.0462574
3.14802	0.0462574	0.0458502
3.1499	0.0458502	0.045494
3.15179	0.045494	0.0451822
3.15368	0.0451822	0.0449094
3.15557	0.0449094	0.0446708
3.15746	0.0446708	0.0444619
3.15934	0.0444619	0.0442792
3.16123	0.0442792	0.0441193
3.1834	0.0441193	0.0464794
3.18716	0.0464794	0.0462944
3.18905	0.0462944	0.0458826
3.19093	0.0458826	0.0453973
3.19282	0.0453973	0.0450976
3.19471	0.0450976	0.0448354
3.1966	0.0448354	0.044606
3.19849	0.044606	0.0444053
3.20037	0.0444053	0.0442296
3.20226	0.0442296	0.0440759
3.22443	0.0440759	0.0464414
3.22819	0.0464414	0.0462612
3.23008	0.0462612	0.0458536
3.23196	0.0458536	0.0453719
3.23385	0.0453719	0.0450754
3.23574	0.0450754	0.044816
3.23763	0.044816	0.044589
3.23952	0.044589	0.0443904
3.2414	0.0443904	0.0442166
3.24329	0.0442166	0.0440645
3.26546	0.0440645	0.0464314
3.26922	0.0464314	0.0462525
3.27111	0.0462525	0.0458459
3.273	0.0458459	0.0453652
3.27488	0.0453652	0.0450695
3.27677	0.0450695	0.0448108
3.27866	0.0448108	0.0445845
3.28055	0.0445845	0.0443864
3.28244	0.0443864	0.0442131
3.28432	0.0442131	0.0440615
3.30649	0.0440615	0.0464288
3.31025	0.0464288	0.0462502
3.31214	0.0462502	0.0458439
3.31403	0.0458439	0.0454884
3.31591	0.0454884	0.0451774
3.3178	0.0451774	0.0449052
3.31969	0.0449052	0.0446671
3.32158	0.0446671	0.0444587
3.32347	0.0444587	0.0442763
3.32535	0.0442763	0.0441168
3.34752	0.0441168	0.0464772
3.35128	0.0464772	0.0462925
3.35317	0.0462925	0.045881
3.35506	0.045881	0.0455209
3.35694	0.0455209	0.0450807
3.35883	0.0450807	0.0448207
3.36072	0.0448207	0.0445931
3.36261	0.0445931	0.0443939
3.3645	0.0443939	0.0442197
3.36638	0.0442197	0.0440672
3.38855	0.0440672	0.0464338
3.39231	0.0464338	0.0462546
3.3942	0.0462546	0.0458478
3.39609	0.0458478	0.0454918
3.39797	0.0454918	0.0450553
3.39986	0.0450553	0.0447984
3.40175	0.0447984	0.0445736
3.40364	0.0445736	0.0443769
3.40553	0.0443769	0.0442048
3.40741	0.0442048	0.0440542
3.42958	0.0440542	0.0464224
3.43334	0.0464224	0.0462446
3.43523	0.0462446	0.045839
3.43712	0.045839	0.0454842
3.439	0.0454842	0.0451736
3.44089	0.0451736	0.0449019
3.44278	0.0449019	0.0446642
3.44467	0.0446642	0.0444562
3.44656	0.0444562	0.0442741
3.44844	0.0442741	0.0441149
3.47061	0.0441149	0.0464755
3.47437	0.0464755	0.0462911
3.47626	0.0462911	0.0458797
3.47815	0.0458797	0.0455197
3.48004	0.0455197	0.0452048
3.48192	0.0452048	0.0448042
3.48381	0.0448042	0.0445786
3.4857	0.0445786	0.0443813
3.48759	0.0443813	0.0442087
3.48948	0.0442087	0.0440576
3.51164	0.0440576	0.0464254
3.5154	0.0464254	0.0462472
3.51729	0.0462472	0.0458413
3.51918	0.0458413	0.0454861
3.52107	0.0454861	0.0451754
3.52295	0.0451754	0.0447784
3.52484	0.0447784	0.0445561
3.52673	0.0445561	0.0443616
3.52862	0.0443616	0.0441914
3.53051	0.0441914	0.0440425
3.55363	0.0440425	0.0465372
3.6022	0.0465372	0.04597
3.60408	0.04597	0.0454738
3.60597	0.0454738	0.0450396
3.60786	0.0450396	0.0446596
3.60975	0.0446596	0.0443272
3.61164	0.0443272	0.0440363
3.61352	0.0440363	0.0437817
3.63664	0.0437817	0.043559
3.63946	0.043559	0.0433641
3.64417	0.0433641	0.0431936
3.64606	0.0431936	0.0430444
3.64795	0.0430444	0.0429139
3.64983	0.0429139	0.0427996
3.65172	0.0427996	0.0426997
3.65361	0.0426997	0.0426122
3.6555	0.0426122	0.0425357
3.67862	0.0425357	0.0424687
3.68144	0.0424687	0.0424101
3.68614	0.0424101	0.0423589
3.68803	0.0423589	0.042314
3.68992	0.042314	0.0422748
3.69181	0.0422748	0.0422404
3.6937	0.0422404	0.0422104
3.69558	0.0422104	0.0421841
3.69747	0.0421841	0.0421611
3.72059	0.0421611	0.0421409
3.72248	0.0421409	0.0423733
3.72717	0.0423733	0.0428266
3.72906	0.0428266	0.0428483
3.73095	0.0428483	0.0427423
3.73284	0.0427423	0.0427745
3.73473	0.0427745	0.0428027
3.73661	0.0428027	0.0428273
3.7385	0.0428273	0.0428489
3.74039	0.0428489	0.0428678
3.76257	0.0428678	0.0427593
3.76445	0.0427593	0.0426644
3.76915	0.0426644	0.0425814
3.77104	0.0425814	0.0425087
3.77292	0.0425087	0.0424451
3.77481	0.0424451	0.0423895
3.7767	0.0423895	0.0423408
3.77859	0.0423408	0.0422982
3.78048	0.0422982	0.0422609
3.78236	0.0422609	0.0424783
3.8036	0.0424783	0.0450435
3.80548	0.0450435	0.0447881
3.81018	0.0447881	0.0449396
3.81207	0.0449396	0.0446971
3.81396	0.0446971	0.04436
3.81584	0.04436	0.04419
3.81773	0.04419	0.0440412
3.81962	0.0440412	0.0439111
3.82151	0.0439111	0.0437972
3.8234	0.0437972	0.0436975
3.84463	0.0436975	0.0459853
3.84652	0.0459853	0.0456122
3.85121	0.0456122	0.0456607
3.8531	0.0456607	0.0453281
3.85499	0.0453281	0.0449121
3.85687	0.0449121	0.0446731
3.85876	0.0446731	0.0444639
3.86065	0.0444639	0.0442809
3.86254	0.0442809	0.0441208
3.86443	0.0441208	0.0439807
3.88566	0.0439807	0.0462331
3.8885	0.0462331	0.045954
3.938	0.045954	0.0454597
3.93989	0.0454597	0.0450273
3.94178	0.0450273	0.0446489
3.94367	0.0446489	0.0443178
3.94556	0.0443178	0.044028
3.94744	0.044028	0.0437745
3.96868	0.0437745	0.0435527
3.97152	0.0435527	0.0433586
3.97527	0.0433586	0.0431888
3.97998	0.0431888	0.0429152
3.98187	0.0429152	0.0428008
3.98375	0.0428008	0.0427007
3.98564	0.0427007	0.0426131
3.98753	0.0426131	0.0425365
3.98942	0.0425365	0.0424694
4.01065	0.0424694	0.0424107
4.01349	0.0424107	0.0423594
4.01724	0.0423594	0.0423145
4.02195	0.0423145	0.0422752
4.02384	0.0422752	0.0422408
4.02573	0.0422408	0.0422107
4.02762	0.0422107	0.0421843
4.0295	0.0421843	0.0421613
4.03139	0.0421613	0.0421411
4.05262	0.0421411	0.0421235
4.05547	0.0421235	0.0421081
4.05828	0.0421081	0.0424695
4.06298	0.0424695	0.0427859
4.06487	0.0427859	0.0428126
4.06676	0.0428126	0.042836
4.06865	0.042836	0.0428565
4.07053	0.0428565	0.0428745
4.07242	0.0428745	0.0428902
4.09365	0.0428902	0.0452789
4.09554	0.0452789	0.044994
4.09744	0.044994	0.0446198
4.10025	0.0446198	0.0442923
4.10496	0.0442923	0.0440058
4.10684	0.0440058	0.043755
4.10873	0.043755	0.0435357
4.11062	0.0435357	0.0433437
4.11251	0.0433437	0.0431757
4.1144	0.0431757	0.0430288
4.13563	0.0430288	0.0429002
4.13752	0.0429002	0.0430377
4.1394	0.0430377	0.0431579
4.14129	0.0431579	0.0432632
4.14599	0.0432632	0.0434803
4.14788	0.0434803	0.0434203
4.14976	0.0434203	0.0433677
4.15165	0.0433677	0.0433218
4.15354	0.0433218	0.0432815
4.15543	0.0432815	0.0432463
4.17666	0.0432463	0.0455906
4.17855	0.0455906	0.0452667
4.18044	0.0452667	0.0449834
4.18232	0.0449834	0.0447355
4.18702	0.0447355	0.0448935
4.18891	0.0448935	0.0446568
4.19079	0.0446568	0.0444497
4.19268	0.0444497	0.0442685
4.19457	0.0442685	0.04411
4.19646	0.04411	0.0439712
4.21769	0.0439712	0.0462248
4.21958	0.0462248	0.0458217
4.22147	0.0458217	0.045469
4.22335	0.045469	0.0451604
4.22805	0.0451604	0.0452653
4.22994	0.0452653	0.0448572
4.23182	0.0448572	0.044625
4.23371	0.044625	0.0444219
4.2356	0.0444219	0.0442441
4.23749	0.0442441	0.0440886
4.25872	0.0440886	0.0463276
4.26061	0.0463276	0.0459116
4.2625	0.0459116	0.0455477
4.26438	0.0455477	0.0452292
4.26908	0.0452292	0.0453255
4.27097	0.0453255	0.0449099
4.27285	0.0449099	0.0446711
4.27474	0.0446711	0.0444622
4.27663	0.0444622	0.0442795
4.27852	0.0442795	0.0441195
4.29975	0.0441195	0.0463546
4.30164	0.0463546	0.0459353
4.30353	0.0459353	0.0455683
4.30541	0.0455683	0.0452473
4.31011	0.0452473	0.0453414
4.312	0.0453414	0.0449237
4.31388	0.0449237	0.0446833
4.31577	0.0446833	0.0444728
4.31766	0.0444728	0.0442887
4.31955	0.0442887	0.0441276
4.34078	0.0441276	0.0463617
4.34267	0.0463617	0.0459415
4.34456	0.0459415	0.0455738
4.34644	0.0455738	0.0452521
4.35114	0.0452521	0.0453456
4.42476	0.0453456	0.0449274
4.42664	0.0449274	0.0445614
4.42853	0.0445614	0.0442413
4.43323	0.0442413	0.0443361
4.43513	0.0443361	0.0440441
4.43701	0.0440441	0.0437886
4.43983	0.0437886	0.043815
4.44268	0.043815	0.0437131
4.4639	0.0437131	0.045874
4.46673	0.045874	0.0453897
4.46862	0.0453897	0.044966
4.47051	0.044966	0.0445953
4.4752	0.0445953	0.0442709
4.4771	0.0442709	0.043987
4.47899	0.043987	0.0436136
4.48181	0.0436136	0.0434119
4.48465	0.0434119	0.0432354
4.50587	0.0432354	0.043081
4.5087	0.043081	0.0429459
4.51059	0.0429459	0.0428276
4.51248	0.0428276	0.0427242
4.51717	0.0427242	0.0426337
4.51908	0.0426337	0.0425545
4.52096	0.0425545	0.0424851
4.52378	0.0424851	0.0424245
4.52663	0.0424245	0.0423714
4.54785	0.0423714	0.042325
4.55068	0.042325	0.0422844
4.55257	0.0422844	0.0422488
4.55445	0.0422488	0.0422177
4.55915	0.0422177	0.0421905
4.56105	0.0421905	0.0421667
4.56294	0.0421667	0.0421459
4.56576	0.0421459	0.0421276
4.56766	0.0421276	0.0423617
4.58888	0.0423617	0.0448165
4.59171	0.0448165	0.0447144
4.5936	0.0447144	0.0445001
4.59548	0.0445001	0.0443126
4.60018	0.0443126	0.0445235
4.60208	0.0445235	0.0443331
4.60397	0.0443331	0.0440414
4.60586	0.0440414	0.0439113
4.60774	0.0439113	0.0436724
4.60963	0.0436724	0.0434633
4.63085	0.0434633	0.0432804
4.63368	0.0432804	0.0431203
4.63557	0.0431203	0.0429803
4.63746	0.0429803	0.0428578
4.64215	0.0428578	0.0427505
4.64405	0.0427505	0.0426567
4.64594	0.0426567	0.0425746
4.64783	0.0425746	0.0427528
4.64972	0.0427528	0.0429087
4.65161	0.0429087	0.0430451
4.67188	0.0430451	0.0454145
4.67471	0.0454145	0.0452377
4.6766	0.0452377	0.044958
4.67849	0.044958	0.0447132
4.68318	0.0447132	0.0448741
4.68508	0.0448741	0.0446398
4.68697	0.0446398	0.0443098
4.68886	0.0443098	0.0441461
4.69075	0.0441461	0.0440028
4.69264	0.0440028	0.0438775
4.71291	0.0438775	0.0460178
4.71574	0.0460178	0.0457656
4.71763	0.0457656	0.0454199
4.71952	0.0454199	0.0451174
4.72421	0.0451174	0.0452277
4.72612	0.0452277	0.0449492
4.728	0.0449492	0.0447056
4.72989	0.0447056	0.0444924
4.73178	0.0444924	0.0443058
4.73367	0.0443058	0.0441426
4.75394	0.0441426	0.0462498
4.75677	0.0462498	0.0459686
4.75866	0.0459686	0.0455975
4.76055	0.0455975	0.0452728
4.76524	0.0452728	0.0453637
4.7681	0.0453637	0.0451932
4.8148	0.0451932	0.0447941
4.81668	0.0447941	0.0444448
4.83696	0.0444448	0.0441392
4.83979	0.0441392	0.0438718
4.84168	0.0438718	0.0436378
4.84357	0.0436378	0.0434331
4.84826	0.0434331	0.043254
4.85112	0.043254	0.0430972
4.85301	0.0430972	0.0429601
4.85677	0.0429601	0.0428401
4.85866	0.0428401	0.0427351
4.87893	0.0427351	0.0426432
4.88177	0.0426432	0.0425628
4.88365	0.0425628	0.0424924
4.88554	0.0424924	0.0424309
4.89024	0.0424309	0.042377
4.89309	0.042377	0.0423299
4.89498	0.0423299	0.0421636
4.89875	0.0421636	0.0421432
4.90063	0.0421432	0.0421253
4.92091	0.0421253	0.0421096
4.92374	0.0421096	0.0420959
4.92563	0.0420959	0.0420839
4.92752	0.0420839	0.0420734
4.93221	0.0420734	0.0420643
4.93507	0.0420643	0.0420562
4.93696	0.0420562	0.0421742
4.93978	0.0421742	0.0425274
4.94166	0.0425274	0.0425865
4.96194	0.0425865	0.0448882
4.96477	0.0448882	0.0447772
4.96666	0.0447772	0.044555
4.96855	0.044555	0.0443606
4.97324	0.0443606	0.0445656
4.97513	0.0445656	0.0443699
4.97704	0.0443699	0.0440736
4.97893	0.0440736	0.0438144
4.98175	0.0438144	0.0435876
4.98364	0.0435876	0.0433892
5.00391	0.0433892	0.0432155
5.00675	0.0432155	0.0430636
5.00863	0.0430636	0.0429306
5.01052	0.0429306	0.0428143
5.01522	0.0428143	0.0427125
5.0171	0.0427125	0.0428735
5.01899	0.0428735	0.0428893
5.02088	0.0428893	0.0429031
5.02278	0.0429031	0.0430402
5.02467	0.0430402	0.0430352
5.04494	0.0430352	0.0452808
5.04778	0.0452808	0.0451207
5.04966	0.0451207	0.0448556
5.05155	0.0448556	0.0446237
5.05625	0.0446237	0.0447957
5.05813	0.0447957	0.0445712
5.06002	0.0445712	0.0443748
5.06191	0.0443748	0.044203
5.06381	0.044203	0.0440526
5.0657	0.0440526	0.043921
5.08597	0.043921	0.0460559
5.08881	0.0460559	0.0457989
5.09069	0.0457989	0.045449
5.09258	0.045449	0.0451429
5.09728	0.0451429	0.0452501
5.09916	0.0452501	0.0449688
5.10105	0.0449688	0.0447227
5.10294	0.0447227	0.0443824
5.10484	0.0443824	0.0442096
5.10673	0.0442096	0.0440584
5.127	0.0440584	0.0463011
5.12984	0.0463011	0.0460134
5.13172	0.0460134	0.0456368
5.13361	0.0456368	0.0453072
5.13831	0.0453072	0.0453938
5.1402	0.0453938	0.0450945
5.14208	0.0450945	0.0448327
5.14397	0.0448327	0.0444786
5.14587	0.0444786	0.0442938
5.14776	0.0442938	0.0441321
5.16804	0.0441321	0.0463656
5.17087	0.0463656	0.0459449
5.17276	0.0459449	0.0455768
5.17464	0.0455768	0.0452547
5.17934	0.0452547	0.0453478
5.18123	0.0453478	0.0450544
5.18311	0.0450544	0.0447976
5.185	0.0447976	0.0445729
5.1869	0.0445729	0.0443763
5.18879	0.0443763	0.0442042
5.20907	0.0442042	0.0464287
5.2119	0.0464287	0.0460001
5.21379	0.0460001	0.0456251
5.21567	0.0456251	0.045297
5.22037	0.045297	0.0453848
5.22226	0.0453848	0.0450867
5.22414	0.0450867	0.0448259
5.22603	0.0448259	0.0445977
5.22793	0.0445977	0.0442729
5.22982	0.0442729	0.0441138
5.2501	0.0441138	0.0463496
5.25293	0.0463496	0.0459309
5.25482	0.0459309	0.0455645
5.2567	0.0455645	0.045244
5.2614	0.045244	0.0453385
5.26329	0.0453385	0.0450462
5.26517	0.0450462	0.0447904
5.26706	0.0447904	0.0445666
5.26896	0.0445666	0.0442458
5.27085	0.0442458	0.04409
5.29113	0.04409	0.0463288
5.29396	0.0463288	0.0459127
5.29585	0.0459127	0.0455486
5.29773	0.0455486	0.04523
5.30243	0.04523	0.0453263
5.30432	0.0453263	0.0450355
5.3062	0.0450355	0.0447811
5.30809	0.0447811	0.0445584
5.30999	0.0445584	0.0442386
5.31188	0.0442386	0.0440838
5.33216	0.0440838	0.0463233
5.33499	0.0463233	0.0459079
5.33688	0.0459079	0.0455444
5.33876	0.0455444	0.0452264
5.34346	0.0452264	0.0453231
5.34535	0.0453231	0.0450327
5.34724	0.0450327	0.0447786
5.34912	0.0447786	0.0445563
5.35102	0.0445563	0.0443617
5.35291	0.0443617	0.0441915
5.37319	0.0441915	0.0464176
5.37602	0.0464176	0.0461154
5.37791	0.0461154	0.045726
5.3798	0.045726	0.0453852
5.38449	0.0453852	0.0454621
5.38638	0.0454621	0.0451543
5.38827	0.0451543	0.044885
5.39015	0.044885	0.0446494
5.39205	0.0446494	0.0444432
5.39394	0.0444432	0.0441378
5.41422	0.0441378	0.0463706
5.41705	0.0463706	0.0460743
5.41894	0.0460743	0.045565
5.42083	0.045565	0.0452444
5.42552	0.0452444	0.0453388
5.42836	0.0453388	0.0451715
5.47507	0.0451715	0.044775
5.47696	0.044775	0.0444281
5.49724	0.0444281	0.0441246
5.50007	0.0441246	0.043859
5.50196	0.043859	0.0436267
5.50384	0.0436267	0.0434233
5.50854	0.0434233	0.0432454
5.51138	0.0432454	0.0430897
5.51327	0.0430897	0.0429535
5.51705	0.0429535	0.0428343
5.51893	0.0428343	0.04273
5.53921	0.04273	0.0426388
5.54204	0.0426388	0.0425589
5.54393	0.0425589	0.0424891
5.54582	0.0424891	0.0424279
5.55051	0.0424279	0.0423744
5.55336	0.0423744	0.0423276
5.55524	0.0423276	0.0422867
5.55902	0.0422867	0.0422508
5.56091	0.0422508	0.0422195
5.58118	0.0422195	0.0421921
5.58402	0.0421921	0.042168
5.5859	0.042168	0.042147
5.58779	0.042147	0.0421287
5.59249	0.0421287	0.0421126
5.59533	0.0421126	0.0420985
5.59722	0.0420985	0.0423362
5.60005	0.0423362	0.0426692
5.60194	0.0426692	0.0425855
5.62221	0.0425855	0.0450123
5.62505	0.0450123	0.0448858
5.62693	0.0448858	0.0445251
5.62882	0.0445251	0.0443344
5.63352	0.0443344	0.0445426
5.6354	0.0445426	0.0443498
5.63731	0.0443498	0.0440561
5.63919	0.0440561	0.0437991
5.64203	0.0437991	0.0435742
5.64391	0.0435742	0.0433774
5.66419	0.0433774	0.0432052
5.66702	0.0432052	0.0430546
5.66891	0.0430546	0.0429228
5.6708	0.0429228	0.0428074
5.67549	0.0428074	0.0427065
5.67738	0.0427065	0.0428682
5.67927	0.0428682	0.0430096
5.68116	0.0430096	0.0431334
5.68306	0.0431334	0.0432418
5.68494	0.0432418	0.0430865
5.70522	0.0430865	0.0454507
5.70805	0.0454507	0.0452694
5.70994	0.0452694	0.0448607
5.71183	0.0448607	0.0446281
5.71652	0.0446281	0.0447996
5.71841	0.0447996	0.0445747
5.7203	0.0445747	0.0443778
5.72219	0.0443778	0.0442056
5.72409	0.0442056	0.0440549
5.72597	0.0440549	0.043798
5.74625	0.043798	0.0460733
5.74908	0.0460733	0.0458141
5.75097	0.0458141	0.0453374
5.75286	0.0453374	0.0450452
5.75755	0.0450452	0.0451645
5.75944	0.0451645	0.044894
5.76133	0.044894	0.0446572
5.76322	0.0446572	0.0444501
5.76512	0.0444501	0.0442688
5.767	0.0442688	0.0441102
5.78728	0.0441102	0.0463464
5.79011	0.0463464	0.0460531
5.792	0.0460531	0.0456715
5.79389	0.0456715	0.0453376
5.79858	0.0453376	0.0454204
5.80047	0.0454204	0.0451178
5.80236	0.0451178	0.0448531
5.80425	0.0448531	0.0446214
5.80615	0.0446214	0.0444188
5.80804	0.0444188	0.0442414
5.82831	0.0442414	0.0463362
5.83114	0.0463362	0.0460442
5.83303	0.0460442	0.0456637
5.83492	0.0456637	0.0452057
5.83961	0.0452057	0.045305
5.8415	0.045305	0.0450169
5.84339	0.0450169	0.0447648
5.84528	0.0447648	0.0445442
5.84718	0.0445442	0.0443512
5.84907	0.0443512	0.0441823
5.86934	0.0441823	0.0462845
5.87217	0.0462845	0.0459989
5.87406	0.0459989	0.045624
5.87595	0.045624	0.045171
5.88064	0.045171	0.0452747
5.88253	0.0452747	0.0449903
5.88442	0.0449903	0.0447415
5.88631	0.0447415	0.0445238
5.88821	0.0445238	0.0443334
5.8901	0.0443334	0.0441667
5.91037	0.0441667	0.0462709
5.9132	0.0462709	0.045987
5.91509	0.045987	0.0456136
5.91698	0.0456136	0.0451619
5.92167	0.0451619	0.0452667
5.92356	0.0452667	0.0449833
5.92545	0.0449833	0.0447354
5.92734	0.0447354	0.0445185
5.92924	0.0445185	0.0443287
5.93113	0.0443287	0.0441626
5.9514	0.0441626	0.0462673
5.95423	0.0462673	0.0459839
5.95612	0.0459839	0.0456109
5.95801	0.0456109	0.0452845
5.9627	0.0452845	0.045374
5.96459	0.045374	0.0450772
5.96648	0.0450772	0.0448176
5.96837	0.0448176	0.0445904
5.97027	0.0445904	0.0443916
5.97216	0.0443916	0.0442176
5.99243	0.0442176	0.0463154
5.99526	0.0463154	0.046026
5.99715	0.046026	0.0456477
5.99904	0.0456477	0.0453168
6.00373	0.0453168	0.0452772
6.00562	0.0452772	0.0449925
6.00751	0.0449925	0.0447435
6.0094	0.0447435	0.0445255
6.0113	0.0445255	0.0443348
6.01319	0.0443348	0.044168
6.03346	0.044168	0.046272
6.03629	0.046272	0.045988
6.03818	0.045988	0.0456145
6.04007	0.0456145	0.0452877
6.04476	0.0452877	0.0452517
6.04665	0.0452517	0.0449703
6.04854	0.0449703	0.044724
6.05043	0.044724	0.0445085
6.05233	0.0445085	0.0443199
6.05422	0.0443199	0.0441549
6.07449	0.0441549	0.0462606
6.07732	0.0462606	0.045978
6.07921	0.045978	0.0456057
6.0811	0.0456057	0.04528
6.0858	0.04528	0.045245
6.08768	0.045245	0.0449644
6.08957	0.0449644	0.0447188
6.09146	0.0447188	0.044504
6.09336	0.044504	0.044316
6.09525	0.044316	0.0441515
6.11552	0.0441515	0.0462576
6.11836	0.0462576	0.0459754
6.12024	0.0459754	0.0456034
6.12213	0.0456034	0.045278
6.12683	0.045278	0.0452433
6.12871	0.0452433	0.0449628
6.1306	0.0449628	0.0447175
6.13249	0.0447175	0.0445028
6.13439	0.0445028	0.044315
6.13628	0.044315	0.0441506
6.15655	0.0441506	0.0462568
6.15939	0.0462568	0.0459747
6.16127	0.0459747	0.0456028
6.16316	0.0456028	0.0452775
6.16786	0.0452775	0.0452428
6.16974	0.0452428	0.0449624
6.17163	0.0449624	0.0447171
6.17352	0.0447171	0.0445025
6.17542	0.0445025	0.0443147
6.17731	0.0443147	0.0441503
6.19758	0.0441503	0.0462566
6.20042	0.0462566	0.0459745
6.2023	0.0459745	0.0456027
6.20419	0.0456027	0.0452773
6.20889	0.0452773	0.0452427
6.21077	0.0452427	0.0449623
6.21266	0.0449623	0.044717
6.21455	0.044717	0.0445024
6.21645	0.0445024	0.0443146
6.21834	0.0443146	0.0441503
6.23861	0.0441503	0.0462565
6.24145	0.0462565	0.0459744
6.24333	0.0459744	0.0456026
6.24522	0.0456026	0.0452773
6.24992	0.0452773	0.0452426
6.2518	0.0452426	0.0449623
6.25369	0.0449623	0.044717
6.25558	0.044717	0.0445024
6.25748	0.0445024	0.0443146
6.25937	0.0443146	0.0441503
6.27964	0.0441503	0.0462565
6.28248	0.0462565	0.0459744
6.28436	0.0459744	0.0456026
6.28625	0.0456026	0.0452773
6.29095	0.0452773	0.0452426
6.29284	0.0452426	0.0449623
6.29472	0.0449623	0.044717
6.29757	0.044717	0.0446274
6.36266	0.0446274	0.044299
6.36549	0.044299	0.0440116
6.36738	0.0440116	0.0437601
6.36927	0.0437601	0.0435401
6.37396	0.0435401	0.0433476
6.37585	0.0433476	0.0431792
6.37774	0.0431792	0.0430318
6.38059	0.0430318	0.0429028
6.38247	0.0429028	0.0427899
6.40464	0.0427899	0.0426912
6.40747	0.0426912	0.0426048
6.40936	0.0426048	0.0425292
6.41124	0.0425292	0.042463
6.41594	0.042463	0.0424052
6.41783	0.0424052	0.0423545
6.41972	0.0423545	0.0423102
6.42256	0.0423102	0.0422714
6.42445	0.0422714	0.0422375
6.44661	0.0422375	0.0422078
6.44944	0.0422078	0.0421818
6.45133	0.0421818	0.0421591
6.45322	0.0421591	0.0421392
6.45791	0.0421392	0.0421218
6.4598	0.0421218	0.0421066
6.46169	0.0421066	0.0420933
6.46453	0.0420933	0.0420816
6.46642	0.0420816	0.0423214
6.48764	0.0423214	0.0449062
6.49047	0.0449062	0.0447929
6.49236	0.0447929	0.0445688
6.49425	0.0445688	0.0443727
6.49894	0.0443727	0.0444511
6.50083	0.0444511	0.0442697
6.50272	0.0442697	0.044111
6.50461	0.044111	0.0439721
6.50651	0.0439721	0.0437256
6.52868	0.0437256	0.0460099
6.57632	0.0460099	0.0455087
6.58102	0.0455087	0.0454451
6.58291	0.0454451	0.0450145
6.58479	0.0450145	0.0446377
6.58764	0.0446377	0.0444329
6.6518	0.0444329	0.0465038
6.65369	0.0465038	0.0459408
6.6584	0.0459408	0.0458232
6.66309	0.0458232	0.0457203
6.66498	0.0457203	0.0451303
6.66687	0.0451303	0.044739
6.66971	0.044739	0.0445216
6.6716	0.0445216	0.0442064
6.69283	0.0442064	0.0463056
6.69568	0.0463056	0.0460174
6.74611	0.0460174	0.0455152
6.748	0.0455152	0.0449508
6.74988	0.0449508	0.044582
6.75273	0.044582	0.0442592
6.75462	0.0442592	0.0439768
6.77585	0.0439768	0.0437297
6.77869	0.0437297	0.0435135
6.78246	0.0435135	0.0433243
6.78808	0.0433243	0.0431588
6.78997	0.0431588	0.0430139
6.79186	0.0430139	0.0428872
6.7947	0.0428872	0.0427763
6.79659	0.0427763	0.0426793
6.81782	0.0426793	0.0425943
6.82067	0.0425943	0.0425201
6.82443	0.0425201	0.042455
6.83006	0.042455	0.0423982
6.83195	0.0423982	0.0423484
6.83383	0.0423484	0.0423048
6.83668	0.0423048	0.0422667
6.83857	0.0422667	0.0422334
6.8598	0.0422334	0.0422042
6.86264	0.0422042	0.0421787
6.86546	0.0421787	0.0425314
6.87109	0.0425314	0.0430899
6.87298	0.0430899	0.0429537
6.87486	0.0429537	0.0429595
6.87771	0.0429595	0.0430895
6.8796	0.0430895	0.0430784
6.90083	0.0430784	0.0454436
6.90272	0.0454436	0.0451381
6.90462	0.0451381	0.0447458
6.90744	0.0447458	0.0444026
6.91306	0.0444026	0.0441023
6.91495	0.0441023	0.0438395
6.91684	0.0438395	0.0436096
6.91968	0.0436096	0.0434084
6.92157	0.0434084	0.0432323
6.9428	0.0432323	0.0430783
6.94469	0.0430783	0.0431935
6.94658	0.0431935	0.0432943
6.94847	0.0432943	0.0433825
6.95409	0.0433825	0.0438347
6.95598	0.0438347	0.0436054
6.95787	0.0436054	0.0435297
6.96071	0.0435297	0.0435885
6.9626	0.0435885	0.0435149
6.98383	0.0435149	0.0458256
6.98572	0.0458256	0.0454724
6.98761	0.0454724	0.0451633
6.9895	0.0451633	0.0448929
6.99512	0.0448929	0.0451563
6.99701	0.0451563	0.0448868
6.9989	0.0448868	0.0446509
7.00174	0.0446509	0.0445695
7.00363	0.0445695	0.0443733
7.02486	0.0443733	0.0465767
7.02675	0.0465767	0.0461296
7.02864	0.0461296	0.0457384
7.03053	0.0457384	0.0453961
7.03615	0.0453961	0.0455966
7.03804	0.0455966	0.045272
7.03993	0.045272	0.044863
7.04277	0.044863	0.0447551
7.04466	0.0447551	0.0445357
7.06589	0.0445357	0.0467188
7.06778	0.0467188	0.0462539
7.06967	0.0462539	0.0458472
7.07156	0.0458472	0.0454913
7.07718	0.0454913	0.0456799
7.07907	0.0456799	0.0453449
7.08096	0.0453449	0.0449268
7.0838	0.0449268	0.0448109
7.08569	0.0448109	0.0445846
7.10692	0.0445846	0.0467615
7.10881	0.0467615	0.0462913
7.1107	0.0462913	0.0458799
7.11259	0.0458799	0.0455199
7.11821	0.0455199	0.0457049
7.1201	0.0457049	0.0453668
7.12199	0.0453668	0.0449459
7.12484	0.0449459	0.0448277
7.12672	0.0448277	0.0445992
7.14796	0.0445992	0.0467743
7.14984	0.0467743	0.0463025
7.15173	0.0463025	0.0458897
7.15362	0.0458897	0.0455285
7.15924	0.0455285	0.0457124
7.16113	0.0457124	0.0453734
7.16302	0.0453734	0.0450767
7.16587	0.0450767	0.0449421
7.16775	0.0449421	0.0446994
7.18899	0.0446994	0.0468619
7.19087	0.0468619	0.0463792
7.19276	0.0463792	0.0459568
7.19465	0.0459568	0.0455872
7.20028	0.0455872	0.0457638
7.20216	0.0457638	0.0454183
7.20405	0.0454183	0.045116
7.2069	0.045116	0.0448515
7.20878	0.0448515	0.0446201
7.23002	0.0446201	0.0469176
7.2319	0.0469176	0.0464279
7.23379	0.0464279	0.0459994
7.23568	0.0459994	0.0456245
7.24131	0.0456245	0.0457964
7.24319	0.0457964	0.0454469
7.24508	0.0454469	0.045141
7.24793	0.045141	0.0448734
7.24981	0.0448734	0.0446392
7.27105	0.0446392	0.0469343
7.27293	0.0469343	0.0463175
7.27482	0.0463175	0.0459028
7.27671	0.0459028	0.04554
7.28234	0.04554	0.0457225
7.28422	0.0457225	0.0453822
7.28611	0.0453822	0.0450844
7.28896	0.0450844	0.0448238
7.29084	0.0448238	0.0445959
7.31208	0.0445959	0.0468964
7.31396	0.0468964	0.0462843
7.31585	0.0462843	0.0458738
7.31774	0.0458738	0.0455146
7.32337	0.0455146	0.0457002
7.32525	0.0457002	0.0453627
7.32714	0.0453627	0.0450674
7.32999	0.0450674	0.044809
7.33188	0.044809	0.0445828
7.35311	0.0445828	0.046885
7.355	0.046885	0.0462744
7.35688	0.0462744	0.0458651
7.35877	0.0458651	0.0455069
7.3644	0.0455069	0.0456936
7.36628	0.0456936	0.0453569
7.36817	0.0453569	0.0450623
7.37102	0.0450623	0.0449295
7.37291	0.0449295	0.0446883
7.39414	0.0446883	0.0469773
7.39603	0.0469773	0.0464801
7.39791	0.0464801	0.0460451
7.3998	0.0460451	0.0456644
7.40543	0.0456644	0.0458314
7.40732	0.0458314	0.0454775
7.4092	0.0454775	0.0451678
7.413	0.0451678	0.0451468
7.47904	0.0451468	0.0447535
7.48189	0.0447535	0.0445343
7.53043	0.0445343	0.0442175
7.53232	0.0442175	0.0439403
7.53612	0.0439403	0.0439478
7.53801	0.0439478	0.0437043
7.56112	0.0437043	0.0462413
7.56396	0.0462413	0.0457111
7.56585	0.0457111	0.0452472
7.62104	0.0452472	0.0448413
7.64415	0.0448413	0.0444861
7.64699	0.0444861	0.0440504
7.64888	0.0440504	0.0437941
7.65451	0.0437941	0.0435698
7.65734	0.0435698	0.0433736
7.6602	0.0433736	0.0432019
7.66301	0.0432019	0.0430517
7.68612	0.0430517	0.0429202
7.68897	0.0429202	0.0428052
7.69085	0.0428052	0.0427045
7.69648	0.0427045	0.0426165
7.69931	0.0426165	0.0425394
7.70217	0.0425394	0.042472
7.70406	0.042472	0.042663
7.72715	0.042663	0.0453301
7.73	0.0453301	0.0450388
7.73188	0.0450388	0.044784
7.73751	0.044784	0.045061
7.74034	0.045061	0.0449284
7.74223	0.0449284	0.0446873
7.74414	0.0446873	0.0443514
7.74603	0.0443514	0.0440575
7.76913	0.0440575	0.0438003
7.77197	0.0438003	0.0435753
7.77386	0.0435753	0.0433783
7.77948	0.0433783	0.0432061
7.78232	0.0432061	0.0430553
7.7842	0.0430553	0.0431734
7.78609	0.0431734	0.0432767
7.78798	0.0432767	0.0432421
7.81016	0.0432421	0.0458369
7.813	0.0458369	0.0456072
7.81489	0.0456072	0.0452813
7.82052	0.0452813	0.0454962
7.82335	0.0454962	0.0453092
7.82524	0.0453092	0.0450205
7.82712	0.0450205	0.0447679
7.82901	0.0447679	0.044547
7.85119	0.044547	0.0469786
7.85403	0.0469786	0.0466063
7.85592	0.0466063	0.0460305
7.86155	0.0460305	0.0461517
7.86438	0.0461517	0.0458827
7.86627	0.0458827	0.0455224
7.86815	0.0455224	0.0452071
7.87004	0.0452071	0.0449312
7.89222	0.0449312	0.0471898
7.89506	0.0471898	0.0467911
7.89695	0.0467911	0.0461922
7.90258	0.0461922	0.0462932
7.90541	0.0462932	0.0460065
7.9073	0.0460065	0.0456307
7.90918	0.0456307	0.0453019
7.91107	0.0453019	0.0450141
7.93325	0.0450141	0.0472624
7.93609	0.0472624	0.0468546
7.93798	0.0468546	0.0462477
7.94361	0.0462477	0.0463418
7.94644	0.0463418	0.0460491
7.94833	0.0460491	0.0456679
7.95021	0.0456679	0.0453344
7.9521	0.0453344	0.0450426
7.97428	0.0450426	0.0472873
7.97712	0.0472873	0.0468764
7.97901	0.0468764	0.0463918
7.98464	0.0463918	0.0464679
7.98747	0.0464679	0.0461594
7.98936	0.0461594	0.0457645
7.99124	0.0457645	0.0454189
7.99313	0.0454189	0.0451165
8.01531	0.0451165	0.047352
8.01815	0.047352	0.046933
8.02004	0.046933	0.0464413
8.02567	0.0464413	0.0463862
8.0285	0.0463862	0.0460879
8.03039	0.0460879	0.0457019
8.03323	0.0457019	0.0454892
8.11153	0.0454892	0.045053
8.11342	0.045053	0.0446714
8.11626	0.0446714	0.0443375
8.11815	0.0443375	0.0440453
8.14127	0.0440453	0.0465396
8.14412	0.0465396	0.0460972
8.14974	0.0460972	0.045585
8.1535	0.045585	0.0451369
8.15539	0.0451369	0.0447448
8.22429	0.0447448	0.0444017
8.22713	0.0444017	0.0441015
8.23276	0.0441015	0.0438388
8.23652	0.0438388	0.0436089
8.23841	0.0436089	0.0434078
8.24127	0.0434078	0.0432318
8.26532	0.0432318	0.0458279
8.26816	0.0458279	0.0455994
8.27379	0.0455994	0.0456495
8.27755	0.0456495	0.0455683
8.27944	0.0455683	0.0452472
8.2823	0.0452472	0.0450913
8.28419	0.0450913	0.0448299
8.30729	0.0448299	0.0444762
8.31014	0.0444762	0.0441667
8.31576	0.0441667	0.0438958
8.31953	0.0438958	0.0436588
8.32141	0.0436588	0.0434515
8.32427	0.0434515	0.0432701
8.32616	0.0432701	0.0431113
8.34927	0.0431113	0.0429724
8.35211	0.0429724	0.0428508
8.35774	0.0428508	0.0427445
8.3615	0.0427445	0.0426514
8.36339	0.0426514	0.04257
8.36625	0.04257	0.0424987
8.36813	0.0424987	0.0424364
8.39124	0.0424364	0.0423818
8.39409	0.0423818	0.0423341
8.39971	0.0423341	0.0422924
8.40348	0.0422924	0.0422558
8.40536	0.0422558	0.0424738
8.40728	0.0424738	0.0426646
8.40916	0.0426646	0.0427065
8.43227	0.0427065	0.0453682
8.43512	0.0453682	0.0451972
8.44074	0.0451972	0.0452975
8.44263	0.0452975	0.0450103
8.44545	0.0450103	0.0446341
8.44734	0.0446341	0.0443048
8.44925	0.0443048	0.0440167
8.45114	0.0440167	0.0437646
8.47425	0.0437646	0.043544
8.47709	0.043544	0.043351
8.48272	0.043351	0.0431821
8.4846	0.0431821	0.0432844
8.48649	0.0432844	0.0433738
8.48838	0.0433738	0.0433271
8.49028	0.0433271	0.0432862
8.49217	0.0432862	0.0432504
8.51528	0.0432504	0.0458441
8.51812	0.0458441	0.0456136
8.52375	0.0456136	0.0456619
8.52564	0.0456619	0.0453292
8.52752	0.0453292	0.045038
8.52941	0.045038	0.0447833
8.53131	0.0447833	0.0445604
8.5332	0.0445604	0.0443653
8.55631	0.0443653	0.0468197
8.55915	0.0468197	0.0464672
8.56478	0.0464672	0.0464088
8.56667	0.0464088	0.0459827
8.56855	0.0459827	0.0456099
8.57044	0.0456099	0.0452836
8.57234	0.0452836	0.0449982
8.57423	0.0449982	0.0447484
8.59734	0.0447484	0.0471548
8.60018	0.0471548	0.0467605
8.60581	0.0467605	0.0466654
8.6077	0.0466654	0.0462073
8.60958	0.0462073	0.0458063
8.61147	0.0458063	0.0454556
8.61337	0.0454556	0.0451486
8.61526	0.0451486	0.04488
8.63837	0.04488	0.04727
8.64121	0.04727	0.0468613
8.64684	0.0468613	0.0467536
8.64873	0.0467536	0.0462844
8.65061	0.0462844	0.0458739
8.6525	0.0458739	0.0455146
8.6544	0.0455146	0.0452003
8.65629	0.0452003	0.0449253
8.6794	0.0449253	0.0473096
8.68224	0.0473096	0.0468959
8.68787	0.0468959	0.0467839
8.68976	0.0467839	0.0463109
8.69164	0.0463109	0.0458971
8.69353	0.0458971	0.0455349
8.69543	0.0455349	0.0452181
8.69732	0.0452181	0.0449408
8.72043	0.0449408	0.0473232
8.72327	0.0473232	0.0469078
8.7289	0.0469078	0.0467943
8.73079	0.0467943	0.04632
8.73268	0.04632	0.045905
8.73456	0.045905	0.0455419
8.73646	0.0455419	0.0452242
8.73835	0.0452242	0.0449461
8.76146	0.0449461	0.0473279
8.7643	0.0473279	0.0469119
8.76993	0.0469119	0.0467979
8.77182	0.0467979	0.0463232
8.77371	0.0463232	0.0459078
8.77559	0.0459078	0.0455443
8.77749	0.0455443	0.0452263
8.77938	0.0452263	0.044948
8.80249	0.044948	0.0473295
8.80533	0.0473295	0.0469133
8.81096	0.0469133	0.0467991
8.81285	0.0467991	0.0463242
8.81474	0.0463242	0.0459087
8.81662	0.0459087	0.0455451
8.81852	0.0455451	0.045227
8.82041	0.045227	0.0449486
8.84352	0.0449486	0.04733
8.84636	0.04733	0.0469138
8.89964	0.0469138	0.0465496
8.90154	0.0465496	0.0459809
8.90343	0.0459809	0.0454833
8.92654	0.0454833	0.0450478
8.92938	0.0450478	0.0446669
8.93502	0.0446669	0.0443335
8.94067	0.0443335	0.0445418
8.94257	0.0445418	0.0443491
8.94446	0.0443491	0.0441805
8.96757	0.0441805	0.0466579
8.97041	0.0466579	0.0463257
8.97605	0.0463257	0.0464099
8.9817	0.0464099	0.0463587
8.9836	0.0463587	0.0459389
8.98549	0.0459389	0.0455715
9.0086	0.0455715	0.0478751
9.01144	0.0478751	0.0473907
9.01708	0.0473907	0.0473418
9.02273	0.0473418	0.0471741
9.02463	0.0471741	0.0466524
9.02652	0.0466524	0.0461958
9.04963	0.0461958	0.0484213
9.05247	0.0484213	0.0478687
9.05811	0.0478687	0.0477601
9.06376	0.0477601	0.0475401
9.06566	0.0475401	0.0469726
9.06755	0.0469726	0.046476
9.09066	0.046476	0.0486665
9.0935	0.0486665	0.0480832
9.09914	0.0480832	0.0479478
9.10479	0.0479478	0.0477043
9.10669	0.0477043	0.0471163
9.10858	0.0471163	0.0466017
9.13169	0.0466017	0.0487765
9.13453	0.0487765	0.0481795
9.14017	0.0481795	0.048032
9.14582	0.048032	0.047778
9.14772	0.047778	0.0471808
9.14961	0.0471808	0.0466582
9.17272	0.0466582	0.0488259
9.17556	0.0488259	0.0482227
9.1812	0.0482227	0.0480698
9.18781	0.0480698	0.0479361
9.23356	0.0479361	0.0473191
9.25574	0.0473191	0.0466542
9.25858	0.0466542	0.0460724
9.26422	0.0460724	0.0455634
9.27083	0.0455634	0.0451179
9.27272	0.0451179	0.0447282
9.27554	0.0447282	0.0443872
9.29771	0.0443872	0.0440888
9.30056	0.0440888	0.0438277
9.3062	0.0438277	0.0435992
9.3128	0.0435992	0.0433993
9.31469	0.0433993	0.0432244
9.31751	0.0432244	0.0430714
9.33969	0.0430714	0.0429374
9.34253	0.0429374	0.0428203
9.34817	0.0428203	0.0427177
9.35478	0.0427177	0.042628
9.35667	0.042628	0.0427995
9.35855	0.0427995	0.0429496
9.38072	0.0429496	0.0454559
9.38356	0.0454559	0.0452739
9.3892	0.0452739	0.0454896
9.39109	0.0454896	0.0451784
9.39675	0.0451784	0.0447811
9.39864	0.0447811	0.0444335
9.40053	0.0444335	0.0441293
9.42269	0.0441293	0.0438631
9.42554	0.0438631	0.0436303
9.43117	0.0436303	0.0434265
9.43306	0.0434265	0.0434982
9.43778	0.0434982	0.0438109
9.43967	0.0438109	0.0437095
9.44156	0.0437095	0.0436208
9.46372	0.0436208	0.0460432
9.46657	0.0460432	0.0457878
9.4722	0.0457878	0.0459393
9.47409	0.0459393	0.0455719
9.47881	0.0455719	0.0455004
9.4807	0.0455004	0.0451879
9.48259	0.0451879	0.0449144
9.50475	0.0449144	0.0471751
9.5076	0.0471751	0.0467782
9.51324	0.0467782	0.0468059
9.51512	0.0468059	0.0463302
9.51984	0.0463302	0.0461639
9.52173	0.0461639	0.0457684
9.52362	0.0457684	0.0454224
9.54578	0.0454224	0.0476196
9.54863	0.0476196	0.0471671
9.55427	0.0471671	0.0471462
9.55615	0.0471462	0.046628
9.56087	0.046628	0.0464245
9.56276	0.0464245	0.0459964
9.56465	0.0459964	0.0456219
9.58681	0.0456219	0.0477941
9.58966	0.0477941	0.0473199
9.5953	0.0473199	0.0472799
9.59718	0.0472799	0.0467449
9.6019	0.0467449	0.0465268
9.60379	0.0465268	0.0460859
9.60568	0.0460859	0.0457002
9.62784	0.0457002	0.0478627
9.63069	0.0478627	0.0473798
9.63633	0.0473798	0.0473324
9.63821	0.0473324	0.0467908
9.64293	0.0467908	0.046567
9.64482	0.046567	0.0461211
9.64671	0.0461211	0.0457309
9.66887	0.0457309	0.0478896
9.67172	0.0478896	0.0474034
9.67736	0.0474034	0.047353
9.67924	0.047353	0.0468088
9.68396	0.0468088	0.0465827
9.68585	0.0465827	0.0461349
9.68774	0.0461349	0.045743
9.7099	0.045743	0.0479002
9.71275	0.0479002	0.0474126
9.71839	0.0474126	0.0473611
9.72028	0.0473611	0.0468159
9.725	0.0468159	0.0465889
9.72688	0.0465889	0.0461403
9.72877	0.0461403	0.0457478
9.75093	0.0457478	0.0479043
9.75378	0.0479043	0.0474163
9.75942	0.0474163	0.0473642
9.76131	0.0473642	0.0468187
9.76603	0.0468187	0.0467164
9.76791	0.0467164	0.0462518
9.7698	0.0462518	0.0458453
9.79196	0.0458453	0.0479897
9.79481	0.0479897	0.047491
9.80045	0.047491	0.0474296
9.80234	0.0474296	0.0468759
9.80706	0.0468759	0.0467664
9.80894	0.0467664	0.0461706
9.81083	0.0461706	0.0457743
9.833	0.0457743	0.0479275
9.83584	0.0479275	0.0474366
9.84148	0.0474366	0.047382
9.84337	0.047382	0.0468342
9.91507	0.0468342	0.048855
9.91791	0.048855	0.0481231
9.92355	0.0481231	0.0478577
9.92544	0.0478577	0.0471255
9.93017	0.0471255	0.0468598
9.93206	0.0468598	0.0462523
9.95704	0.0462523	0.0457208
9.95989	0.0457208	0.0452557
9.96553	0.0452557	0.0448487
9.96741	0.0448487	0.0444926
9.97215	0.0444926	0.0441811
9.97404	0.0441811	0.0439084
9.99902	0.0439084	0.0436699
10.0019	0.0436699	0.0434611
10.0075	0.0434611	0.0432785
10.0094	0.0432785	0.0431187
10.0141	0.0431187	0.0429788
10.016	0.0429788	0.0428565
10.041	0.0428565	0.0426244
10.0438	0.0426244	0.0425464
10.0495	0.0425464	0.0424781
10.0514	0.0424781	0.0424183
10.0552	0.0424183	0.042866
10.057	0.042866	0.0428828
10.082	0.0428828	0.0457724
10.0849	0.0457724	0.0455509
10.0905	0.0455509	0.045732
10.0924	0.045732	0.0453905
10.0943	0.0453905	0.0450917
10.0971	0.0450917	0.0447052
10.099	0.0447052	0.0443671
10.124	0.0443671	0.0439462
10.1268	0.0439462	0.0437029
10.1325	0.0437029	0.0434901
10.1344	0.0434901	0.0435538
10.1363	0.0435538	0.0436096
10.1382	0.0436096	0.0436584
10.14	0.0436584	0.0435761
10.165	0.0435761	0.0463791
10.1679	0.0463791	0.0460817
10.1735	0.0460817	0.0461965
10.1754	0.0461965	0.0457969
10.2471	0.0457969	0.0481973
10.2499	0.0481973	0.0474226
10.2556	0.0474226	0.0472448
10.2575	0.0472448	0.0465892
10.2594	0.0465892	0.0460156
10.2613	0.0460156	0.0455136
10.2891	0.0455136	0.0450744
10.2919	0.0450744	0.0446901
10.2976	0.0446901	0.0443538
10.2994	0.0443538	0.0440596
10.3013	0.0440596	0.0438022
10.3032	0.0438022	0.0435769
10.331	0.0435769	0.0433798
10.3339	0.0433798	0.0432073
10.3395	0.0432073	0.0430564
10.3414	0.0430564	0.0429243
10.3433	0.0429243	0.0428088
10.3452	0.0428088	0.0427077
10.373	0.0427077	0.0426192
10.3759	0.0426192	0.0425418
10.3815	0.0425418	0.0424741
10.3834	0.0424741	0.0424148
10.3853	0.0424148	0.042613
10.3872	0.042613	0.0427864
10.4141	0.0427864	0.0460631
10.4169	0.0460631	0.0456802
10.4225	0.0456802	0.0458452
10.4244	0.0458452	0.0454895
10.4263	0.0454895	0.0451783
10.4282	0.0451783	0.044906
10.4301	0.044906	0.0446678
10.456	0.0446678	0.0443343
10.4589	0.0443343	0.0440425
10.4645	0.0440425	0.0437872
10.4664	0.0437872	0.0438138
10.4683	0.0438138	0.0438371
10.4702	0.0438371	0.0438574
10.4721	0.0438574	0.0438753
10.4971	0.0438753	0.0467659
10.4999	0.0467659	0.0462951
10.5055	0.0462951	0.0463832
10.5074	0.0463832	0.0459603
10.5093	0.0459603	0.0455903
10.5112	0.0455903	0.0452665
10.5131	0.0452665	0.0449832
10.5381	0.0449832	0.0476103
10.5409	0.0476103	0.047034
10.5466	0.047034	0.0470298
10.5485	0.0470298	0.046526
10.5503	0.046526	0.0460853
10.5522	0.0460853	0.0456996
10.5541	0.0456996	0.0453622
10.5791	0.0453622	0.0479419
10.582	0.0479419	0.0473242
10.5876	0.0473242	0.0472836
10.5895	0.0472836	0.0467482
10.5914	0.0467482	0.0462797
10.5933	0.0462797	0.0458697
10.5952	0.0458697	0.045511
10.6202	0.045511	0.0480721
10.623	0.0480721	0.0474381
10.6286	0.0474381	0.0473833
10.6305	0.0473833	0.0468354
10.6324	0.0468354	0.046356
10.6343	0.046356	0.0459365
10.6362	0.0459365	0.0455694
10.6612	0.0455694	0.0481232
10.664	0.0481232	0.0476078
10.6697	0.0476078	0.0475319
10.6716	0.0475319	0.0469654
10.6734	0.0469654	0.0464697
10.6753	0.0464697	0.046036
10.6772	0.046036	0.0456565
10.7022	0.0456565	0.0481994
10.7051	0.0481994	0.0476745
10.7107	0.0476745	0.0474652
10.7126	0.0474652	0.046907
10.7145	0.046907	0.0464187
10.7164	0.0464187	0.0459913
10.7928	0.0459913	0.0458674
10.7947	0.0458674	0.045384
10.7965	0.045384	0.044961
10.7984	0.044961	0.0445909
10.8003	0.0445909	0.044267
10.8253	0.044267	0.0468586
10.9168	0.0468586	0.0471263
10.9187	0.0471263	0.0464855
10.9206	0.0464855	0.0460498
10.9225	0.0460498	0.0456686
10.9244	0.0456686	0.04521
10.9579	0.04521	0.0458088
10.9598	0.0458088	0.0454577
10.9616	0.0454577	0.0451505
10.9635	0.0451505	0.0448817
10.9654	0.0448817	0.0446464
10.9989	0.0446464	0.0483156
11.0008	0.0483156	0.0476512
11.0027	0.0476512	0.0470698
11.0046	0.0470698	0.0465611
11.0065	0.0465611	0.0461159
11.0399	0.0461159	0.0496014
11.0418	0.0496014	0.0487763
11.0437	0.0487763	0.0480542
11.0456	0.0480542	0.0474224
11.0475	0.0474224	0.0468696
11.081	0.0468696	0.0502609
11.0829	0.0502609	0.0493533
11.0847	0.0493533	0.0485592
11.0866	0.0485592	0.0478643
11.0885	0.0478643	0.0472562
11.122	0.0472562	0.0505992
11.1239	0.0505992	0.0496493
11.1258	0.0496493	0.0488181
11.1277	0.0488181	0.0480909
11.1296	0.0480909	0.0474545
11.163	0.0474545	0.0508977
11.1649	0.0508977	0.0499105
11.1668	0.0499105	0.0490467
11.1687	0.0490467	0.0482908
11.1706	0.0482908	0.0476295
11.2041	0.0476295	0.0510508
11.2059	0.0510508	0.0499194
11.2078	0.0499194	0.0490545
11.2097	0.0490545	0.0482977
11.2116	0.0482977	0.0476355
11.2451	0.0476355	0.0510561
11.247	0.0510561	0.049924
11.2489	0.049924	0.0490585
11.2507	0.0490585	0.0483012
11.2526	0.0483012	0.0476386
11.2861	0.0476386	0.0510587
11.288	0.0510587	0.0500514
11.2899	0.0500514	0.04917
11.2918	0.04917	0.0483987
11.2937	0.0483987	0.0477239
11.3271	0.0477239	0.0511334
11.329	0.0511334	0.0501167
11.3309	0.0501167	0.0491021
11.3328	0.0491021	0.0483394
11.3347	0.0483394	0.0476719
11.3682	0.0476719	0.051088
11.3701	0.051088	0.050077
11.372	0.050077	0.0490673
11.3738	0.0490673	0.0483089
11.3757	0.0483089	0.0476453
11.4092	0.0476453	0.0510646
11.4111	0.0510646	0.0500566
11.413	0.0500566	0.0490495
11.4149	0.0490495	0.0482933
11.4168	0.0482933	0.0476316
11.4502	0.0476316	0.0510527
11.4521	0.0510527	0.0500461
11.454	0.0500461	0.0491653
11.4559	0.0491653	0.0483947
11.4578	0.0483947	0.0477203
11.4913	0.0477203	0.0511303
11.4932	0.0511303	0.050114
11.495	0.050114	0.0492248
11.4969	0.0492248	0.0483217
11.4988	0.0483217	0.0476565
11.5323	0.0476565	0.0510744
11.5342	0.0510744	0.0500651
11.5361	0.0500651	0.049182
11.538	0.049182	0.0482842
11.5399	0.0482842	0.0476237
11.5733	0.0476237	0.0510457
11.5752	0.0510457	0.05004
11.5771	0.05004	0.04916
11.579	0.04916	0.048265
11.5809	0.048265	0.0476069
11.6144	0.0476069	0.051031
11.6162	0.051031	0.0500271
11.6181	0.0500271	0.0491487
11.62	0.0491487	0.0483802
11.6219	0.0483802	0.0477076
11.6554	0.0477076	0.0511192
11.6573	0.0511192	0.0501043
11.6592	0.0501043	0.0492162
11.6611	0.0492162	0.0484392
11.663	0.0484392	0.0476343
11.6964	0.0476343	0.051055
11.6983	0.051055	0.0500481
11.7002	0.0500481	0.0491671
11.7021	0.0491671	0.0483962
11.704	0.0483962	0.0475967
11.7374	0.0475967	0.0510221
11.7393	0.0510221	0.0500194
11.7412	0.0500194	0.0491419
11.7431	0.0491419	0.0483742
11.745	0.0483742	0.0477024
11.7785	0.0477024	0.0511146
11.7804	0.0511146	0.0501003
11.7823	0.0501003	0.0492128
11.7841	0.0492128	0.0484362
11.786	0.0484362	0.0477566
11.8195	0.0477566	0.0510371
11.8214	0.0510371	0.0500324
11.8233	0.0500324	0.0491534
11.8252	0.0491534	0.0483842
11.8271	0.0483842	0.0477112
11.8605	0.0477112	0.0509973
11.8624	0.0509973	0.0499976
11.8643	0.0499976	0.0491229
11.8662	0.0491229	0.0483575
11.8681	0.0483575	0.0476879
11.9016	0.0476879	0.0509769
11.9035	0.0509769	0.0499798
11.9053	0.0499798	0.0491073
11.9072	0.0491073	0.0483439
11.9091	0.0483439	0.0476759
11.9874	0.0476759	0.0469664
11.9893	0.0469664	0.0463456
11.9912	0.0463456	0.0458024
12.0247	0.0458024	0.0492021
12.0266	0.0492021	0.0483018
12.0294	0.0483018	0.0475141
12.0313	0.0475141	0.0468248
12.0332	0.0468248	0.0462217
12.0667	0.0462217	0.045694
12.0686	0.045694	0.0452323
12.0714	0.0452323	0.0448282
12.0733	0.0448282	0.0444747
12.0752	0.0444747	0.0441654
12.1086	0.0441654	0.0438947
12.1105	0.0438947	0.0436579
12.1133	0.0436579	0.0434506
12.1152	0.0434506	0.0432693
12.1171	0.0432693	0.0431106
12.1497	0.0431106	0.0469718
12.1516	0.0469718	0.0464753
12.1544	0.0464753	0.0461659
12.1563	0.0461659	0.0457702
12.1582	0.0457702	0.0454239
12.16	0.0454239	0.0451209
12.1916	0.0451209	0.0447308
12.1935	0.0447308	0.0443894
12.1963	0.0443894	0.0440908
12.1982	0.0440908	0.0438294
12.2001	0.0438294	0.0438507
12.202	0.0438507	0.0438694
12.2327	0.0438694	0.0473857
12.2346	0.0473857	0.0468375
12.2374	0.0468375	0.0464828
12.2393	0.0464828	0.0460475
12.2412	0.0460475	0.0456665
12.243	0.0456665	0.0453332
12.2737	0.0453332	0.0485416
12.2756	0.0485416	0.0478489
12.2784	0.0478489	0.0473678
12.2803	0.0473678	0.0468218
12.2822	0.0468218	0.0463441
12.2841	0.0463441	0.0459261
12.3147	0.0459261	0.0490603
12.3166	0.0490603	0.0483028
12.3194	0.0483028	0.0477649
12.3213	0.0477649	0.0471693
12.3232	0.0471693	0.0466481
12.3251	0.0466481	0.0461921
12.3558	0.0461921	0.0492931
12.3577	0.0492931	0.0485065
12.3605	0.0485065	0.0479432
12.3624	0.0479432	0.0473253
12.3642	0.0473253	0.0467846
12.3661	0.0467846	0.0463115
12.3968	0.0463115	0.0493976
12.3987	0.0493976	0.0485979
12.4015	0.0485979	0.0480232
12.4034	0.0480232	0.0473953
12.4053	0.0473953	0.0468459
12.4072	0.0468459	0.0463651
12.4378	0.0463651	0.0494445
12.4397	0.0494445	0.0486389
12.4425	0.0486389	0.0480591
12.4444	0.0480591	0.0474267
12.4463	0.0474267	0.0468733
12.4482	0.0468733	0.0463892
12.4789	0.0463892	0.0494655
12.4807	0.0494655	0.0486573
12.4836	0.0486573	0.0480752
12.4854	0.0480752	0.0474408
12.4873	0.0474408	0.0468857
12.4892	0.0468857	0.0464
12.5199	0.0464	0.049475
12.5218	0.049475	0.0486656
12.5246	0.0486656	0.0480824
12.5265	0.0480824	0.0474471
12.5284	0.0474471	0.0468912
12.5303	0.0468912	0.0464048
12.5609	0.0464048	0.0494792
12.5628	0.0494792	0.0486693
12.5656	0.0486693	0.0480856
12.5675	0.0480856	0.0474499
12.5694	0.0474499	0.0468937
12.5713	0.0468937	0.046407
12.6019	0.046407	0.0494811
12.6038	0.0494811	0.048671
12.6067	0.048671	0.0480871
12.6085	0.0480871	0.0474512
12.6104	0.0474512	0.0468948
12.6123	0.0468948	0.046408
12.643	0.046408	0.049482
12.6449	0.049482	0.0486717
12.6477	0.0486717	0.0480877
12.6496	0.0480877	0.0474518
12.6515	0.0474518	0.0468953
12.6533	0.0468953	0.0464084
12.684	0.0464084	0.0496073
12.6859	0.0496073	0.0487814
12.6887	0.0487814	0.0481837
12.6906	0.0481837	0.0475358
12.6925	0.0475358	0.0469688
12.6944	0.0469688	0.0464727
12.725	0.0464727	0.0496636
12.7269	0.0496636	0.0487057
12.7297	0.0487057	0.0481175
12.7316	0.0481175	0.0474778
12.7335	0.0474778	0.0469181
12.7354	0.0469181	0.0464283
12.7661	0.0464283	0.0496248
12.768	0.0496248	0.0486717
12.7708	0.0486717	0.0480877
12.7727	0.0480877	0.0474517
12.7746	0.0474517	0.0468953
12.7764	0.0468953	0.0464084
12.8071	0.0464084	0.0496073
12.809	0.0496073	0.0486564
12.8118	0.0486564	0.0480744
12.8137	0.0480744	0.0474401
12.8156	0.0474401	0.046885
12.8175	0.046885	0.0463994
12.8481	0.0463994	0.0495995
12.85	0.0495995	0.0487746
12.8528	0.0487746	0.0481777
12.8547	0.0481777	0.0475305
12.8566	0.0475305	0.0469642
12.8585	0.0469642	0.0464687
12.8892	0.0464687	0.0496601
12.891	0.0496601	0.0488276
12.8939	0.0488276	0.0480991
12.8958	0.0480991	0.0474617
12.8976	0.0474617	0.046904
12.8995	0.046904	0.046416
12.9302	0.046416	0.049614
12.9321	0.049614	0.0487873
12.9349	0.0487873	0.0480639
12.9368	0.0480639	0.0474309
12.9387	0.0474309	0.046877
12.9406	0.046877	0.0463924
12.9712	0.0463924	0.0495933
12.9731	0.0495933	0.0487692
12.9759	0.0487692	0.048048
12.9778	0.048048	0.047417
12.9797	0.047417	0.0468649
12.9816	0.0468649	0.0463818
13.0122	0.0463818	0.0495841
13.0141	0.0495841	0.048761
13.017	0.048761	0.0480409
13.0188	0.0480409	0.0474108
13.0207	0.0474108	0.0468595
13.0226	0.0468595	0.046377
13.0533	0.046377	0.0495799
13.0552	0.0495799	0.0487574
13.058	0.0487574	0.0480377
13.0599	0.0480377	0.047408
13.0618	0.047408	0.046857
13.0637	0.046857	0.0463749
13.0943	0.0463749	0.049578
13.0962	0.049578	0.0487558
13.099	0.0487558	0.0481613
13.1009	0.0481613	0.0475161
13.1028	0.0475161	0.0469516
13.1047	0.0469516	0.0464577
13.1353	0.0464577	0.0496505
13.1372	0.0496505	0.0488191
13.14	0.0488191	0.0482168
13.1419	0.0482168	0.0474397
13.1438	0.0474397	0.0468847
13.1457	0.0468847	0.0463991
13.1764	0.0463991	0.0495992
13.1783	0.0495992	0.0487743
13.1811	0.0487743	0.0481775
13.183	0.0481775	0.0474053
13.1849	0.0474053	0.0468547
13.1867	0.0468547	0.0463728
13.2174	0.0463728	0.0495762
13.2193	0.0495762	0.0487542
13.2221	0.0487542	0.0481599
13.224	0.0481599	0.0473899
13.2259	0.0473899	0.0468412
13.2278	0.0468412	0.046361
13.2584	0.046361	0.0495659
13.2603	0.0495659	0.0487452
13.2631	0.0487452	0.048152
13.265	0.048152	0.047508
13.2679	0.047508	0.0470695
13.3433	0.0470695	0.0464358
13.3462	0.0464358	0.0458814
13.348	0.0458814	0.0453962
13.3509	0.0453962	0.0449717
13.3528	0.0449717	0.0446002
13.3853	0.0446002	0.0442752
13.3881	0.0442752	0.0439908
13.39	0.0439908	0.0437419
13.3929	0.0437419	0.0435242
13.3948	0.0435242	0.0433337
13.4273	0.0433337	0.043167
13.4301	0.043167	0.0430211
13.432	0.0430211	0.0427684
13.4348	0.0427684	0.0426724
13.4367	0.0426724	0.0428383
13.4683	0.0428383	0.0467335
13.4711	0.0467335	0.0463919
13.473	0.0463919	0.0459679
13.4749	0.0459679	0.0455969
13.4768	0.0455969	0.0451473
13.4787	0.0451473	0.0447539
13.5103	0.0447539	0.0444096
13.5131	0.0444096	0.0441084
13.515	0.0441084	0.0437199
13.5169	0.0437199	0.0436299
13.5188	0.0436299	0.0436762
13.5207	0.0436762	0.0437166
13.5513	0.0437166	0.0473771
13.5541	0.0473771	0.0469549
13.556	0.0469549	0.0464606
13.5579	0.0464606	0.046028
13.5598	0.046028	0.0456495
13.5617	0.0456495	0.0453183
13.5924	0.0453183	0.0486535
13.5952	0.0486535	0.0480718
13.5971	0.0480718	0.0474378
13.5989	0.0474378	0.0467581
13.6008	0.0467581	0.0462883
13.6027	0.0462883	0.0458773
13.6334	0.0458773	0.0491426
13.6362	0.0491426	0.0484998
13.6381	0.0484998	0.0478123
13.64	0.0478123	0.0470858
13.6419	0.0470858	0.0465751
13.6438	0.0465751	0.0461282
13.6744	0.0461282	0.0493622
13.6772	0.0493622	0.0486919
13.6791	0.0486919	0.0479804
13.681	0.0479804	0.0473579
13.6829	0.0473579	0.0468131
13.6848	0.0468131	0.0463365
13.7154	0.0463365	0.0495444
13.7183	0.0495444	0.0488514
13.7202	0.0488514	0.0481199
13.722	0.0481199	0.04748
13.7239	0.04748	0.046795
13.7258	0.046795	0.0463206
13.7565	0.0463206	0.0495305
13.7593	0.0495305	0.0488392
13.7612	0.0488392	0.0481093
13.7631	0.0481093	0.0474706
13.765	0.0474706	0.0467868
13.7668	0.0467868	0.0463135
13.7975	0.0463135	0.0495243
13.8003	0.0495243	0.0488337
13.8022	0.0488337	0.0481045
13.8041	0.0481045	0.0474665
13.806	0.0474665	0.0467831
13.8079	0.0467831	0.0463103
13.8385	0.0463103	0.0495215
13.8414	0.0495215	0.0488313
13.8432	0.0488313	0.0481024
13.8451	0.0481024	0.0474646
13.847	0.0474646	0.0469065
13.8489	0.0469065	0.0464182
13.8796	0.0464182	0.0496159
13.8824	0.0496159	0.0489139
13.8843	0.0489139	0.0481747
13.8862	0.0481747	0.0475279
13.888	0.0475279	0.0469619
13.8899	0.0469619	0.0463416
13.9206	0.0463416	0.0495489
13.9234	0.0495489	0.0488553
13.9253	0.0488553	0.0481234
13.9272	0.0481234	0.047483
13.9291	0.047483	0.0469226
13.931	0.0469226	0.0463073
13.9616	0.0463073	0.0495189
13.9644	0.0495189	0.048829
13.9663	0.048829	0.0481004
13.9682	0.0481004	0.0474628
13.9701	0.0474628	0.046905
13.972	0.046905	0.0462919
14.0027	0.0462919	0.0495054
14.0055	0.0495054	0.0488172
14.0074	0.0488172	0.0480901
14.0093	0.0480901	0.0474538
14.0111	0.0474538	0.0468971
14.013	0.0468971	0.0464099
14.0437	0.0464099	0.0496087
14.0465	0.0496087	0.0489076
14.0484	0.0489076	0.0481692
14.0503	0.0481692	0.047523
14.0522	0.047523	0.0469576
14.0541	0.0469576	0.0464629
14.0847	0.0464629	0.0495301
14.0875	0.0495301	0.0488388
14.0894	0.0488388	0.048109
14.0913	0.048109	0.0474703
14.0932	0.0474703	0.0469115
14.0951	0.0469115	0.0464226
14.1257	0.0464226	0.0494948
14.1286	0.0494948	0.0488079
14.1305	0.0488079	0.0480819
14.1323	0.0480819	0.0474467
14.1342	0.0474467	0.0468909
14.1361	0.0468909	0.0464045
14.1668	0.0464045	0.0494789
14.1696	0.0494789	0.0487941
14.1715	0.0487941	0.0480698
14.1734	0.0480698	0.0474361
14.1753	0.0474361	0.0468816
14.1771	0.0468816	0.0463964
14.2078	0.0463964	0.0494718
14.2106	0.0494718	0.0487878
14.2125	0.0487878	0.0480644
14.2144	0.0480644	0.0474313
14.2163	0.0474313	0.0468774
14.2182	0.0468774	0.0463927
14.2488	0.0463927	0.0494686
14.2517	0.0494686	0.0487851
14.2535	0.0487851	0.0480619
14.2554	0.0480619	0.0474292
14.2573	0.0474292	0.0468755
14.2592	0.0468755	0.0463911
14.2899	0.0463911	0.0494672
14.2927	0.0494672	0.0487838
14.2946	0.0487838	0.0480608
14.2965	0.0480608	0.0474282
14.2984	0.0474282	0.0468747
14.3002	0.0468747	0.0463904
14.3309	0.0463904	0.0494666
14.3337	0.0494666	0.0487832
14.3356	0.0487832	0.0480603
14.3375	0.0480603	0.0474278
14.3394	0.0474278	0.0468743
14.3413	0.0468743	0.04639
14.3719	0.04639	0.0494663
14.3747	0.0494663	0.048783
14.3766	0.048783	0.0480601
14.3785	0.0480601	0.0474276
14.3804	0.0474276	0.0468742
14.3823	0.0468742	0.0463899
14.413	0.0463899	0.0494661
14.4158	0.0494661	0.0487829
14.4177	0.0487829	0.04806
14.4196	0.04806	0.0474275
14.4214	0.0474275	0.0468741
14.4233	0.0468741	0.0463898
14.454	0.0463898	0.0494661
14.4568	0.0494661	0.0487828
14.4587	0.0487828	0.04806
14.4606	0.04806	0.0474275
14.4625	0.0474275	0.046874
14.4644	0.046874	0.0463898
14.495	0.0463898	0.0495911
14.4978	0.0495911	0.0488922
14.4997	0.0488922	0.0481557
14.5016	0.0481557	0.0475112
14.5035	0.0475112	0.0469473
14.5054	0.0469473	0.0464539
14.5361	0.0464539	0.0496471
14.5389	0.0496471	0.0488163
14.5408	0.0488163	0.0480892
14.5426	0.0480892	0.0474531
14.5445	0.0474531	0.0468964
14.5464	0.0468964	0.0464094
14.5771	0.0464094	0.0496082
14.5799	0.0496082	0.0487822
14.5818	0.0487822	0.0480594
14.5837	0.0480594	0.047427
14.5856	0.047427	0.0468736
14.5875	0.0468736	0.0463894
14.6181	0.0463894	0.0495907
14.6209	0.0495907	0.0487669
14.6228	0.0487669	0.048046
14.6247	0.048046	0.0474153
14.6266	0.0474153	0.0468634
14.6285	0.0468634	0.0463804
14.6591	0.0463804	0.0495829
14.662	0.0495829	0.04876
14.6638	0.04876	0.04804
14.6657	0.04804	0.04741
14.6676	0.04741	0.0468588
14.6695	0.0468588	0.0463764
14.7002	0.0463764	0.0495794
14.703	0.0495794	0.0487569
14.7049	0.0487569	0.0480373
14.7068	0.0480373	0.0474077
14.7087	0.0474077	0.0468567
14.7105	0.0468567	0.0463746
14.7412	0.0463746	0.0495778
14.744	0.0495778	0.0488806
14.7459	0.0488806	0.0481455
14.7478	0.0481455	0.0475023
14.7497	0.0475023	0.0469395
14.7516	0.0469395	0.0464471
14.7822	0.0464471	0.0496412
14.7851	0.0496412	0.048936
14.7869	0.048936	0.048069
14.7888	0.048069	0.0474354
14.7907	0.0474354	0.046881
14.7926	0.046881	0.0463959
14.8233	0.0463959	0.0495964
14.8261	0.0495964	0.0488968
14.828	0.0488968	0.0480347
14.8299	0.0480347	0.0474054
14.8317	0.0474054	0.0468547
14.8336	0.0468547	0.0463729
14.8643	0.0463729	0.0495763
14.8671	0.0495763	0.0488792
14.869	0.0488792	0.0481443
14.8709	0.0481443	0.0475013
14.8728	0.0475013	0.0469386
14.8747	0.0469386	0.0464463
14.9053	0.0464463	0.0496405
14.9081	0.0496405	0.0489354
14.91	0.0489354	0.0481935
14.9119	0.0481935	0.0474193
14.9138	0.0474193	0.0468669
14.9157	0.0468669	0.0463835
14.9464	0.0463835	0.0495856
14.9492	0.0495856	0.0488874
14.9511	0.0488874	0.0481515
14.953	0.0481515	0.0473825
14.9548	0.0473825	0.0468347
14.9567	0.0468347	0.0463554
14.9874	0.0463554	0.049561
14.9902	0.049561	0.0488658
14.9921	0.0488658	0.0481326
14.994	0.0481326	0.047366
14.9959	0.047366	0.0468203
14.9978	0.0468203	0.0463427
15.0284	0.0463427	0.0495499
15.0312	0.0495499	0.0488562
15.0331	0.0488562	0.0481241
15.035	0.0481241	0.0474836
15.0369	0.0474836	0.0469232
15.0388	0.0469232	0.0464328
15.0694	0.0464328	0.0496287
15.0723	0.0496287	0.0489251
15.0742	0.0489251	0.0481845
15.076	0.0481845	0.0475364
15.0779	0.0475364	0.0468443
15.0798	0.0468443	0.0463638
15.1105	0.0463638	0.0495683
15.1133	0.0495683	0.0488723
15.1152	0.0488723	0.0481383
15.1171	0.0481383	0.047496
15.119	0.047496	0.046809
15.1208	0.046809	0.0463329
15.1515	0.0463329	0.0495412
15.1543	0.0495412	0.0488486
15.1562	0.0488486	0.0481175
15.1581	0.0481175	0.0474778
15.16	0.0474778	0.0467931
15.1619	0.0467931	0.046319
15.1925	0.046319	0.0495291
15.1954	0.0495291	0.048838
15.1972	0.048838	0.0481082
15.1991	0.0481082	0.0474697
15.201	0.0474697	0.046911
15.2029	0.046911	0.0464221
15.2336	0.0464221	0.0496193
15.2364	0.0496193	0.0489169
15.2383	0.0489169	0.0481773
15.2402	0.0481773	0.0475301
15.2421	0.0475301	0.0469639
15.2439	0.0469639	0.0463434
15.2746	0.0463434	0.0495505
15.3241	0.0495505	0.0486067
15.326	0.0486067	0.0477808
15.3567	0.0477808	0.0506832
15.3595	0.0506832	0.0497228
15.3614	0.0497228	0.0487575
15.3661	0.0487575	0.0479128
15.368	0.0479128	0.0470487
15.3986	0.0470487	0.0464176
15.4015	0.0464176	0.0458654
15.4034	0.0458654	0.0453822
15.4081	0.0453822	0.0449594
15.41	0.0449594	0.0445895
15.4406	0.0445895	0.0442658
15.4435	0.0442658	0.0439826
15.4453	0.0439826	0.0437348
15.45	0.0437348	0.0435179
15.4519	0.0435179	0.0433282
15.4826	0.0433282	0.0431622
15.4845	0.0431622	0.0432669
15.4864	0.0432669	0.0432335
15.4911	0.0432335	0.0435793
15.493	0.0435793	0.0433819
15.4949	0.0433819	0.0433342
15.5246	0.0433342	0.0431674
15.5265	0.0431674	0.0430215
15.5321	0.0430215	0.0433938
15.5788	0.0433938	0.0432196
15.6076	0.0432196	0.0430671
15.6095	0.0430671	0.0429337
15.6151	0.0429337	0.042817
15.617	0.042817	0.0427149
15.6208	0.0427149	0.0426255
15.6496	0.0426255	0.0425473
15.6514	0.0425473	0.0424789
15.6571	0.0424789	0.0424191
15.659	0.0424191	0.0423667
15.6618	0.0423667	0.0425708
15.6906	0.0425708	0.0459995
15.6925	0.0459995	0.0456245
15.6981	0.0456245	0.0457965
15.7	0.0457965	0.0454469
15.7019	0.0454469	0.0450161
15.7038	0.0450161	0.044639
15.7326	0.044639	0.0443092
15.7345	0.0443092	0.0440205
15.7401	0.0440205	0.043768
15.742	0.043768	0.043797
15.7439	0.043797	0.0436973
15.7458	0.0436973	0.0437352
15.7736	0.0437352	0.0470183
15.7755	0.0470183	0.046516
15.7811	0.046516	0.0465765
15.783	0.0465765	0.0461294
15.7849	0.0461294	0.0456132
15.7868	0.0456132	0.0452866
15.8146	0.0452866	0.0482508
15.8165	0.0482508	0.0475944
15.8222	0.0475944	0.0475201
15.8241	0.0475201	0.0469551
15.826	0.0469551	0.0463357
15.8278	0.0463357	0.0459188
15.8557	0.0459188	0.0488039
15.8575	0.0488039	0.0480784
15.8632	0.0480784	0.0479436
15.8651	0.0479436	0.0473257
15.867	0.0473257	0.04666
15.8689	0.04666	0.0462025
15.8967	0.0462025	0.0490522
15.8986	0.0490522	0.0482956
15.9042	0.0482956	0.0481337
15.9061	0.0481337	0.047492
15.908	0.047492	0.0469305
15.9099	0.0469305	0.0464392
15.9377	0.0464392	0.0492593
15.9396	0.0492593	0.0484769
15.9453	0.0484769	0.0482923
15.9472	0.0482923	0.0476307
15.949	0.0476307	0.0470519
15.9509	0.0470519	0.0464204
15.9787	0.0464204	0.0492428
15.9806	0.0492428	0.0484625
15.9863	0.0484625	0.0482797
15.9882	0.0482797	0.0476197
15.9901	0.0476197	0.0470423
15.992	0.0470423	0.046412
16.0198	0.046412	0.0492355
16.0217	0.0492355	0.048456
16.0273	0.048456	0.048274
16.0292	0.048274	0.0476148
16.0311	0.0476148	0.0470379
16.033	0.0470379	0.0464082
16.0608	0.0464082	0.0492322
16.0627	0.0492322	0.0484531
16.0684	0.0484531	0.0482715
16.0702	0.0482715	0.0476126
16.0721	0.0476126	0.047036
16.074	0.047036	0.0465315
16.1018	0.0465315	0.0493401
16.1037	0.0493401	0.0485475
16.1094	0.0485475	0.0483541
16.1113	0.0483541	0.0476848
16.1132	0.0476848	0.0470992
16.1151	0.0470992	0.0465868
16.1429	0.0465868	0.0492635
16.1448	0.0492635	0.0484805
16.1504	0.0484805	0.0482955
16.1523	0.0482955	0.0476335
16.1542	0.0476335	0.0470543
16.1561	0.0470543	0.0465476
16.1839	0.0465476	0.0492291
16.1858	0.0492291	0.0484505
16.1915	0.0484505	0.0482692
16.1933	0.0482692	0.0476105
16.1952	0.0476105	0.0470342
16.1971	0.0470342	0.0465299
16.2249	0.0465299	0.0492137
16.2268	0.0492137	0.048437
16.2325	0.048437	0.0482573
16.2344	0.0482573	0.0476002
16.2363	0.0476002	0.0470252
16.2381	0.0470252	0.046522
16.266	0.046522	0.0492068
16.2678	0.0492068	0.0484309
16.2735	0.0484309	0.048252
16.2754	0.048252	0.0475955
16.2773	0.0475955	0.0470211
16.2792	0.0470211	0.0465185
16.307	0.0465185	0.0492037
16.3089	0.0492037	0.0484282
16.3145	0.0484282	0.0482497
16.3164	0.0482497	0.0475935
16.3183	0.0475935	0.0470193
16.3202	0.0470193	0.0465169
16.348	0.0465169	0.0493273
16.3499	0.0493273	0.0485364
16.3556	0.0485364	0.0483443
16.3575	0.0483443	0.0476763
16.3594	0.0476763	0.0470917
16.3612	0.0470917	0.0465803
16.3891	0.0465803	0.0493827
16.3909	0.0493827	0.0484599
16.3966	0.0484599	0.0482774
16.3985	0.0482774	0.0476177
16.4004	0.0476177	0.0470405
16.4023	0.0470405	0.0465354
16.4301	0.0465354	0.0493435
16.432	0.0493435	0.0484256
16.4376	0.0484256	0.0482474
16.4395	0.0482474	0.0475915
16.4414	0.0475915	0.0470175
16.4433	0.0470175	0.0465153
16.4711	0.0465153	0.0493259
16.473	0.0493259	0.0485352
16.4787	0.0485352	0.0483433
16.4806	0.0483433	0.0476754
16.4824	0.0476754	0.0470909
16.4843	0.0470909	0.0465796
16.5121	0.0465796	0.0493821
16.514	0.0493821	0.0485844
16.5197	0.0485844	0.0482613
16.5216	0.0482613	0.0476037
16.5235	0.0476037	0.0470282
16.5254	0.0470282	0.0465247
16.5532	0.0465247	0.0493341
16.5551	0.0493341	0.0485423
16.5607	0.0485423	0.0482245
16.5626	0.0482245	0.0475715
16.5645	0.0475715	0.047
16.5664	0.047	0.0465
16.5942	0.0465	0.0493125
16.5961	0.0493125	0.0485235
16.6018	0.0485235	0.048208
16.6036	0.048208	0.047557
16.6055	0.047557	0.0469874
16.6074	0.0469874	0.046489
16.6352	0.046489	0.0493028
16.6371	0.0493028	0.048515
16.6428	0.048515	0.0482006
16.6447	0.0482006	0.0475505
16.6466	0.0475505	0.0469817
16.6485	0.0469817	0.046484
16.6763	0.046484	0.0492985
16.6782	0.0492985	0.0485112
16.6838	0.0485112	0.0481973
16.6857	0.0481973	0.0475476
16.6876	0.0475476	0.0469792
16.6895	0.0469792	0.0464818
16.7173	0.0464818	0.0492966
16.7192	0.0492966	0.0485095
16.7248	0.0485095	0.0481958
16.7267	0.0481958	0.0475463
16.7286	0.0475463	0.046978
16.7305	0.046978	0.0464808
16.7583	0.0464808	0.0492957
16.7602	0.0492957	0.0485087
16.7659	0.0485087	0.0481951
16.7678	0.0481951	0.0475457
16.7697	0.0475457	0.0469775
16.7715	0.0469775	0.0464803
16.7994	0.0464803	0.0492953
16.8012	0.0492953	0.0485084
16.8069	0.0485084	0.0481948
16.8088	0.0481948	0.0475455
16.8107	0.0475455	0.0469773
16.8126	0.0469773	0.0464801
16.8404	0.0464801	0.0492951
16.8423	0.0492951	0.0485082
16.8479	0.0485082	0.0481947
16.8498	0.0481947	0.0475454
16.8517	0.0475454	0.0469772
16.8536	0.0469772	0.04648
16.8814	0.04648	0.049295
16.8833	0.049295	0.0485082
16.889	0.0485082	0.0481946
16.8909	0.0481946	0.0475453
16.8927	0.0475453	0.0469771
16.8946	0.0469771	0.04648
16.9224	0.04648	0.049295
16.9243	0.049295	0.0485081
16.93	0.0485081	0.0483196
16.9319	0.0483196	0.0476547
16.9338	0.0476547	0.0470728
16.9357	0.0470728	0.0465637
16.9635	0.0465637	0.0493683
16.9654	0.0493683	0.0485722
16.971	0.0485722	0.0483757
16.9729	0.0483757	0.0475787
16.9748	0.0475787	0.0470064
16.9767	0.0470064	0.0465056
17.0045	0.0465056	0.0493174
17.0064	0.0493174	0.0485277
17.0121	0.0485277	0.0483368
17.0139	0.0483368	0.0475447
17.0158	0.0475447	0.0469766
17.0177	0.0469766	0.0464795
17.0455	0.0464795	0.0492946
17.0474	0.0492946	0.0485077
17.0531	0.0485077	0.0483193
17.055	0.0483193	0.0475294
17.0569	0.0475294	0.0469632
17.0588	0.0469632	0.0464678
17.0866	0.0464678	0.0492843
17.0885	0.0492843	0.0484988
17.0941	0.0484988	0.0483114
17.096	0.0483114	0.0476475
17.0979	0.0476475	0.0470666
17.0998	0.0470666	0.0465582
17.1276	0.0465582	0.0493635
17.1295	0.0493635	0.048568
17.1352	0.048568	0.048372
17.137	0.048372	0.0477005
17.1389	0.0477005	0.046988
17.1408	0.046988	0.0464895
17.1686	0.0464895	0.0493033
17.1705	0.0493033	0.0485154
17.1762	0.0485154	0.0483259
17.1781	0.0483259	0.0476602
17.18	0.0476602	0.0469527
17.1818	0.0469527	0.0464586
17.2097	0.0464586	0.0492763
17.2115	0.0492763	0.0484917
17.2172	0.0484917	0.0483053
17.2191	0.0483053	0.0476421
17.221	0.0476421	0.0469368
17.2229	0.0469368	0.0464447
17.2507	0.0464447	0.0492641
17.2526	0.0492641	0.0484811
17.2582	0.0484811	0.048296
17.2601	0.048296	0.047634
17.262	0.047634	0.0470547
17.2639	0.0470547	0.0465479
17.2917	0.0465479	0.0493544
17.2936	0.0493544	0.0485601
17.2993	0.0485601	0.0483651
17.3012	0.0483651	0.0476945
17.303	0.0476945	0.0471076
17.3049	0.0471076	0.0464692
17.3328	0.0464692	0.0492855
17.3346	0.0492855	0.0484998
17.3403	0.0484998	0.0483124
17.3422	0.0483124	0.0476483
17.3441	0.0476483	0.0470673
17.346	0.0470673	0.0464339
17.3738	0.0464339	0.0492546
17.3757	0.0492546	0.0484728
17.3813	0.0484728	0.0482887
17.3832	0.0482887	0.0476276
17.3851	0.0476276	0.0470492
17.387	0.0470492	0.046418
17.4148	0.046418	0.0492408
17.4167	0.0492408	0.0484607
17.4224	0.0484607	0.0482781
17.4243	0.0482781	0.0476183
17.4261	0.0476183	0.047041
17.428	0.047041	0.0465359
17.4558	0.0465359	0.0493439
17.4577	0.0493439	0.0485509
17.4634	0.0485509	0.0483571
17.4653	0.0483571	0.0476874
17.4672	0.0476874	0.0471015
17.4691	0.0471015	0.0465888
17.4969	0.0465888	0.0492652
17.4988	0.0492652	0.0484821
17.5044	0.0484821	0.0482968
17.5063	0.0482968	0.0476347
17.5082	0.0476347	0.0470554
17.5101	0.0470554	0.0465484
17.5379	0.0465484	0.0492299
17.5398	0.0492299	0.0484511
17.5455	0.0484511	0.0482698
17.5473	0.0482698	0.047611
17.5492	0.047611	0.0470347
17.5511	0.0470347	0.0465303
17.5789	0.0465303	0.049214
17.5808	0.049214	0.0484373
17.5865	0.0484373	0.0482576
17.5884	0.0482576	0.0476004
17.5903	0.0476004	0.0470254
17.5922	0.0470254	0.0465222
17.62	0.0465222	0.0492069
17.6219	0.0492069	0.0484311
17.6275	0.0484311	0.0482522
17.6294	0.0482522	0.0475956
17.6313	0.0475956	0.0470212
17.6332	0.0470212	0.0465185
17.661	0.0465185	0.0492037
17.6629	0.0492037	0.0484283
17.6685	0.0484283	0.0482497
17.6704	0.0482497	0.0475935
17.6723	0.0475935	0.0470193
17.6742	0.0470193	0.0465169
17.702	0.0465169	0.0493273
17.7039	0.0493273	0.0485364
17.7096	0.0485364	0.0483443
17.7115	0.0483443	0.0476763
17.7134	0.0476763	0.0470918
17.7152	0.0470918	0.0465803
17.7431	0.0465803	0.0493827
17.7449	0.0493827	0.0484599
17.7506	0.0484599	0.0482774
17.7525	0.0482774	0.0476177
17.7544	0.0476177	0.0470405
17.7563	0.0470405	0.0465355
17.7841	0.0465355	0.0493435
17.786	0.0493435	0.0484256
17.7916	0.0484256	0.0482474
17.7935	0.0482474	0.0475915
17.7954	0.0475915	0.0470175
17.7973	0.0470175	0.0465153
17.8251	0.0465153	0.0493259
17.827	0.0493259	0.0485352
17.8327	0.0485352	0.0483433
17.8346	0.0483433	0.0476754
17.8364	0.0476754	0.0470909
17.8383	0.0470909	0.0465796
17.8661	0.0465796	0.0493821
17.868	0.0493821	0.0485844
17.8737	0.0485844	0.0482613
17.8756	0.0482613	0.0476037
17.8775	0.0476037	0.0470282
17.8794	0.0470282	0.0465247
17.9072	0.0465247	0.0493341
17.9091	0.0493341	0.0485423
17.9147	0.0485423	0.0482245
17.9166	0.0482245	0.0475715
17.9185	0.0475715	0.047
17.9204	0.047	0.0465
17.9482	0.0465	0.0493125
17.9501	0.0493125	0.0485235
17.9558	0.0485235	0.048208
17.9576	0.048208	0.047557
17.9595	0.047557	0.0469874
17.9614	0.0469874	0.046489
17.9892	0.046489	0.0493028
17.9911	0.0493028	0.048515
17.9968	0.048515	0.0482006
17.9987	0.0482006	0.0475505
18.0006	0.0475505	0.0469817
18.0025	0.0469817	0.046484
18.0303	0.046484	0.0492985
18.0322	0.0492985	0.0485112
18.0378	0.0485112	0.0481973
18.0397	0.0481973	0.0475476
18.0416	0.0475476	0.0469792
18.0435	0.0469792	0.0464818
18.0713	0.0464818	0.0492966
18.0732	0.0492966	0.0485095
18.0789	0.0485095	0.0481958
18.0807	0.0481958	0.0475463
18.0826	0.0475463	0.046978
18.0845	0.046978	0.0464808
18.1123	0.0464808	0.0492957
18.1142	0.0492957	0.0485087
18.1199	0.0485087	0.0481951
18.1218	0.0481951	0.0475457
18.1237	0.0475457	0.0469775
18.1255	0.0469775	0.0464803
18.1534	0.0464803	0.0492953
18.1552	0.0492953	0.0485084
18.1609	0.0485084	0.0481948
18.1628	0.0481948	0.0475455
18.1647	0.0475455	0.0469773
18.1666	0.0469773	0.0464801
18.1944	0.0464801	0.0492951
18.1963	0.0492951	0.0485082
18.2019	0.0485082	0.0481947
18.2038	0.0481947	0.0475454
18.2057	0.0475454	0.0469772
18.2076	0.0469772	0.04648
18.2354	0.04648	0.049295
18.2373	0.049295	0.0485082
18.243	0.0485082	0.0481946
18.2449	0.0481946	0.0475453
18.2467	0.0475453	0.0469771
18.2486	0.0469771	0.04648
18.2765	0.04648	0.049295
18.2783	0.049295	0.0485081
18.284	0.0485081	0.0483196
18.2859	0.0483196	0.0476547
18.2878	0.0476547	0.0470728
18.2897	0.0470728	0.0465637
18.3175	0.0465637	0.0493683
18.3194	0.0493683	0.0485722
18.325	0.0485722	0.0483757
18.3269	0.0483757	0.0475787
18.3288	0.0475787	0.0470064
18.3307	0.0470064	0.0465056
18.3585	0.0465056	0.0493174
18.3604	0.0493174	0.0485277
18.3661	0.0485277	0.0483368
18.368	0.0483368	0.0475447
18.3698	0.0475447	0.0469766
18.3717	0.0469766	0.0464795
18.3995	0.0464795	0.0492946
18.4014	0.0492946	0.0485077
18.4071	0.0485077	0.0483193
18.409	0.0483193	0.0475294
18.4109	0.0475294	0.0469632
18.4128	0.0469632	0.0464678
18.4406	0.0464678	0.0492843
18.4425	0.0492843	0.0484988
18.4481	0.0484988	0.0483114
18.45	0.0483114	0.0476475
18.4529	0.0476475	0.0471916
18.5255	0.0471916	0.0465426
18.5311	0.0465426	0.0459748
18.533	0.0459748	0.0454779
18.5359	0.0454779	0.0450432
18.5378	0.0450432	0.0446628
18.5675	0.0446628	0.0443299
18.5731	0.0443299	0.0440387
18.575	0.0440387	0.0437839
18.5778	0.0437839	0.0435609
18.5797	0.0435609	0.0433658
18.6094	0.0433658	0.043195
18.6151	0.043195	0.0430457
18.617	0.0430457	0.04279
18.6198	0.04279	0.0426912
18.6217	0.0426912	0.0428548
18.6505	0.0428548	0.046373
18.6561	0.046373	0.0464513
18.658	0.0464513	0.0460199
18.6599	0.0460199	0.0456424
18.6618	0.0456424	0.0451871
18.6637	0.0451871	0.0447887
18.6924	0.0447887	0.0444401
18.6981	0.0444401	0.0441351
18.7	0.0441351	0.0437432
18.7019	0.0437432	0.0436503
18.7038	0.0436503	0.043694
18.7056	0.043694	0.0437323
18.7335	0.0437323	0.0470157
18.7391	0.0470157	0.0470138
18.741	0.0470138	0.0465121
18.7429	0.0465121	0.046073
18.7448	0.046073	0.0456889
18.7467	0.0456889	0.0453528
18.7745	0.0453528	0.0483087
18.7802	0.0483087	0.0481451
18.782	0.0481451	0.047502
18.7839	0.047502	0.0468142
18.7858	0.0468142	0.0463374
18.7877	0.0463374	0.0459203
18.8155	0.0459203	0.0488052
18.8212	0.0488052	0.0485796
18.8231	0.0485796	0.0478821
18.825	0.0478821	0.0471469
18.8269	0.0471469	0.0466285
18.8287	0.0466285	0.0461749
18.8566	0.0461749	0.0490281
18.8622	0.0490281	0.0487746
18.8641	0.0487746	0.0480527
18.866	0.0480527	0.0472961
18.8679	0.0472961	0.0467591
18.8698	0.0467591	0.0462892
18.8976	0.0462892	0.0491281
18.9032	0.0491281	0.0488621
18.9051	0.0488621	0.0481293
18.907	0.0481293	0.0474881
18.9089	0.0474881	0.0469271
18.9108	0.0469271	0.0464362
18.9386	0.0464362	0.0492567
18.9443	0.0492567	0.0489746
18.9462	0.0489746	0.0482278
18.9481	0.0482278	0.0475743
18.9499	0.0475743	0.0468775
18.9518	0.0468775	0.0463928
18.9796	0.0463928	0.0492187
18.9853	0.0492187	0.0489414
18.9872	0.0489414	0.0481987
18.9891	0.0481987	0.0475489
18.991	0.0475489	0.0468553
18.9929	0.0468553	0.0463734
19.0207	0.0463734	0.0492017
19.0263	0.0492017	0.0489265
19.0282	0.0489265	0.0481857
19.0301	0.0481857	0.0475375
19.032	0.0475375	0.0469703
19.0339	0.0469703	0.046474
19.0617	0.046474	0.0492897
19.0674	0.0492897	0.0490035
19.0693	0.0490035	0.0482531
19.0711	0.0482531	0.0475964
19.073	0.0475964	0.0470219
19.0749	0.0470219	0.0463942
19.1027	0.0463942	0.0492199
19.1084	0.0492199	0.0489424
19.1103	0.0489424	0.0481996
19.1122	0.0481996	0.0475496
19.1141	0.0475496	0.0469809
19.116	0.0469809	0.0463583
19.1438	0.0463583	0.0491885
19.1494	0.0491885	0.048915
19.1513	0.048915	0.0481756
19.1532	0.0481756	0.0475286
19.1551	0.0475286	0.0469626
19.157	0.0469626	0.0463422
19.1848	0.0463422	0.0491745
19.1905	0.0491745	0.0489027
19.1923	0.0489027	0.0481648
19.1942	0.0481648	0.0475192
19.1961	0.0475192	0.0469543
19.199	0.0469543	0.04646
19.2754	0.04646	0.0459025
19.2773	0.0459025	0.0454147
19.2791	0.0454147	0.0449879
19.282	0.0449879	0.0444894
19.3089	0.0444894	0.0441782
19.3173	0.0441782	0.0439059
19.3192	0.0439059	0.0436677
19.3211	0.0436677	0.0434592
19.324	0.0434592	0.0432768
19.3508	0.0432768	0.0431172
19.3584	0.0431172	0.0439776
19.3603	0.0439776	0.0438554
19.3621	0.0438554	0.0437485
19.365	0.0437485	0.0436549
19.3669	0.0436549	0.043573
19.3928	0.043573	0.0433764
19.4003	0.0433764	0.0432044
19.4022	0.0432044	0.0430538
19.4041	0.0430538	0.0429221
19.407	0.0429221	0.0428068
19.4089	0.0428068	0.042956
19.4338	0.042956	0.0459615
19.4414	0.0459615	0.0463413
19.4433	0.0463413	0.0459236
19.4452	0.0459236	0.0455582
19.447	0.0455582	0.0452384
19.4489	0.0452384	0.0448336
19.4508	0.0448336	0.0444794
19.4758	0.0444794	0.0441695
19.4834	0.0441695	0.0438983
19.4852	0.0438983	0.043661
19.4871	0.043661	0.0434534
19.489	0.0434534	0.0435217
19.4909	0.0435217	0.0434565
19.4928	0.0434565	0.0435244
19.5168	0.0435244	0.0463339
19.5244	0.0463339	0.0466671
19.5263	0.0466671	0.0462087
19.5282	0.0462087	0.0458077
19.53	0.0458077	0.0454567
19.5319	0.0454567	0.0450246
19.5338	0.0450246	0.0447715
19.5579	0.0447715	0.0473001
19.5654	0.0473001	0.0475126
19.5673	0.0475126	0.0469485
19.5692	0.0469485	0.0464549
19.5711	0.0464549	0.0460231
19.573	0.0460231	0.0455202
19.5749	0.0455202	0.0452052
19.5989	0.0452052	0.0476795
19.6064	0.0476795	0.0478446
19.6083	0.0478446	0.047239
19.6102	0.047239	0.0467091
19.6121	0.0467091	0.0462455
19.614	0.0462455	0.0457148
19.6159	0.0457148	0.0453754
19.6399	0.0453754	0.0478285
19.6475	0.0478285	0.047975
19.6494	0.047975	0.0473531
19.6512	0.0473531	0.0468089
19.6531	0.0468089	0.0463328
19.655	0.0463328	0.0459162
19.6569	0.0459162	0.0455517
19.681	0.0455517	0.0479827
19.6885	0.0479827	0.0481099
19.6904	0.0481099	0.0474712
19.6923	0.0474712	0.0469123
19.6942	0.0469123	0.0464232
19.6961	0.0464232	0.0459953
19.6979	0.0459953	0.0454959
19.722	0.0454959	0.0479339
19.7295	0.0479339	0.0480672
19.7314	0.0480672	0.0474338
19.7333	0.0474338	0.0468796
19.7352	0.0468796	0.0463946
19.7371	0.0463946	0.0459703
19.739	0.0459703	0.045474
19.763	0.045474	0.0480397
19.7706	0.0480397	0.0481598
19.7725	0.0481598	0.0475148
19.7743	0.0475148	0.0469505
19.7762	0.0469505	0.0464566
19.7781	0.0464566	0.0460246
19.78	0.0460246	0.0456465
19.8041	0.0456465	0.0481907
19.8116	0.0481907	0.0481668
19.8135	0.0481668	0.047521
19.8154	0.047521	0.0469559
19.8173	0.0469559	0.0464614
19.8191	0.0464614	0.0460287
19.821	0.0460287	0.0456501
19.8451	0.0456501	0.0480689
19.8526	0.0480689	0.0480602
19.8545	0.0480602	0.0474277
19.8564	0.0474277	0.0468743
19.8583	0.0468743	0.04639
19.8602	0.04639	0.0459662
19.8621	0.0459662	0.0455954
19.8861	0.0455954	0.048021
19.8937	0.048021	0.0480184
19.8955	0.0480184	0.0473911
19.8974	0.0473911	0.0468422
19.8993	0.0468422	0.0463619
19.9012	0.0463619	0.0459417
19.9031	0.0459417	0.045574
19.9271	0.045574	0.0480022
19.9347	0.0480022	0.0480019
19.9366	0.0480019	0.0473767
19.9385	0.0473767	0.0468296
19.9403	0.0468296	0.0463509
19.9422	0.0463509	0.045932
19.9441	0.045932	0.0455655
19.9682	0.0455655	0.0479948
19.9757	0.0479948	0.0479955
19.9776	0.0479955	0.0473711
19.9795	0.0473711	0.0468247
19.9814	0.0468247	0.0463466
19.9833	0.0463466	0.0459283
19.9852	0.0459283	0.0455622
