1.04019	0	0.04
1.0813	0.04	0.040125
1.08319	0.040125	0.0404844
1.08508	0.0404844	0.0410488
1.08697	0.0410488	0.0416677
1.08885	0.0416677	0.0424593
1.12233	0.0424593	0.0474019
1.12422	0.0474019	0.0468516
1.12611	0.0468516	0.0463702
1.128	0.0463702	0.0458239
1.12988	0.0458239	0.0455959
1.13177	0.0455959	0.0455214
1.13366	0.0455214	0.0454562
1.16336	0.0454562	0.0491492
1.16525	0.0491492	0.0483806
1.16714	0.0483806	0.047708
1.16903	0.047708	0.0473695
1.17092	0.0473695	0.0469483
1.22233	0.0469483	0.0465798
1.24732	0.0465798	0.0461323
1.25204	0.0461323	0.0458658
1.25582	0.0458658	0.0455075
1.2596	0.0455075	0.0450691
1.26148	0.0450691	0.0446855
1.2643	0.0446855	0.0443498
1.2893	0.0443498	0.0440561
1.29402	0.0440561	0.043799
1.2978	0.043799	0.0435742
1.30157	0.0435742	0.0433774
1.30346	0.0433774	0.0432052
1.30535	0.0432052	0.0433046
1.33033	0.0433046	0.0461415
1.33505	0.0461415	0.0461238
1.33883	0.0461238	0.0458583
1.3426	0.0458583	0.045751
1.34545	0.045751	0.0455322
1.42942	0.0455322	0.0450906
1.43131	0.0450906	0.0447043
1.46573	0.0447043	0.0451163
1.46856	0.0451163	0.0448517
1.4714	0.0448517	0.0444953
1.47328	0.0444953	0.0441834
1.50676	0.0441834	0.0480354
1.50959	0.0480354	0.047531
1.51243	0.047531	0.0470896
1.51431	0.0470896	0.0465784
1.54779	0.0465784	0.0500061
1.55062	0.0500061	0.0492554
1.55346	0.0492554	0.0485984
1.55534	0.0485984	0.0478986
1.58882	0.0478986	0.0511613
1.59165	0.0511613	0.0502661
1.59354	0.0502661	0.0493579
1.59543	0.0493579	0.0484381
1.59732	0.0484381	0.0476334
1.6308	0.0476334	0.0469292
1.63363	0.0469292	0.046313
1.63552	0.046313	0.0457739
1.6374	0.0457739	0.0453022
1.63929	0.0453022	0.0448894
1.67277	0.0448894	0.0445282
1.6756	0.0445282	0.0442122
1.67749	0.0442122	0.0439357
1.67938	0.0439357	0.0439437
1.68127	0.0439437	0.0439507
1.7138	0.0439507	0.0477069
1.71663	0.0477069	0.0472435
1.71852	0.0472435	0.0467131
1.72041	0.0467131	0.046249
1.7223	0.046249	0.0458428
1.75483	0.0458428	0.0492375
1.75766	0.0492375	0.0485828
1.75955	0.0485828	0.0478849
1.76144	0.0478849	0.0472743
1.76333	0.0472743	0.04674
1.76522	0.04674	0.0462725
1.79681	0.0462725	0.0457385
1.79964	0.0457385	0.0452712
1.80153	0.0452712	0.0448623
1.80341	0.0448623	0.0445045
1.8053	0.0445045	0.0441914
1.80719	0.0441914	0.0439175
1.83878	0.0439175	0.0436778
1.84161	0.0436778	0.0434681
1.8435	0.0434681	0.0432846
1.84539	0.0432846	0.043124
1.84728	0.043124	0.0429835
1.84916	0.0429835	0.0428606
1.88076	0.0428606	0.042753
1.88264	0.042753	0.0429089
1.88453	0.0429089	0.0429203
1.88642	0.0429203	0.0429302
1.88831	0.0429302	0.0429389
1.8902	0.0429389	0.0429466
1.92179	0.0429466	0.0465783
1.92367	0.0465783	0.046131
1.92556	0.046131	0.0457396
1.92745	0.0457396	0.0453971
1.92934	0.0453971	0.0450975
1.93123	0.0450975	0.0448353
1.96282	0.0448353	0.0482309
1.9647	0.0482309	0.047577
1.96659	0.047577	0.0470049
1.96848	0.0470049	0.0465043
1.97037	0.0465043	0.0460663
1.97226	0.0460663	0.045683
1.97414	0.045683	0.0453476
2.00479	0.0453476	0.0449292
2.00668	0.0449292	0.044563
2.00857	0.044563	0.0442426
2.01045	0.0442426	0.0439623
2.01234	0.0439623	0.043717
2.01423	0.043717	0.0435024
2.01612	0.0435024	0.0433146
2.04676	0.0433146	0.0431503
2.04865	0.0431503	0.0430065
2.05054	0.0430065	0.0428807
2.05243	0.0428807	0.0427706
2.05432	0.0427706	0.0429243
2.0562	0.0429243	0.0430587
2.05809	0.0430587	0.0431764
2.0878	0.0431764	0.0466543
2.08968	0.0466543	0.0461975
2.09157	0.0461975	0.0457979
2.09346	0.0457979	0.0454481
2.09535	0.0454481	0.0451421
2.09724	0.0451421	0.0448743
2.09912	0.0448743	0.04464
2.12883	0.04464	0.04781
2.13071	0.04781	0.0472088
2.1326	0.0472088	0.0466827
2.13449	0.0466827	0.0462224
2.13638	0.0462224	0.0458196
2.13827	0.0458196	0.0454671
2.14015	0.0454671	0.0451587
2.14204	0.0451587	0.0448889
2.1708	0.0448889	0.0445278
2.17269	0.0445278	0.0442118
2.17458	0.0442118	0.0439353
2.17646	0.0439353	0.0436934
2.17835	0.0436934	0.0434817
2.18024	0.0434817	0.0432965
2.18213	0.0432965	0.0431344
2.18402	0.0431344	0.0429926
2.21277	0.0429926	0.0428686
2.21466	0.0428686	0.04276
2.21655	0.04276	0.042665
2.21844	0.042665	0.0425819
2.22033	0.0425819	0.0425091
2.22221	0.0425091	0.0424455
2.2241	0.0424455	0.0423898
2.22599	0.0423898	0.0424661
2.2538	0.0424661	0.0457828
2.25569	0.0457828	0.045435
2.25758	0.045435	0.0451306
2.25947	0.0451306	0.0448643
2.26136	0.0448643	0.0446312
2.26324	0.0446312	0.0444273
2.26513	0.0444273	0.0442489
2.26702	0.0442489	0.0440928
2.29484	0.0440928	0.0472062
2.29768	0.0472062	0.0468054
3.57706	0.0468054	0.0710797
3.61904	0.0710797	0.0674448
3.66101	0.0674448	0.0642642
3.70204	0.0642642	0.0666062
3.70393	0.0666062	0.0635304
3.74402	0.0635304	0.0608391
3.7459	0.0608391	0.0584842
3.78599	0.0584842	0.0562987
3.78788	0.0562987	0.0545113
3.82702	0.0545113	0.0579474
3.82891	0.0579474	0.056079
3.86805	0.056079	0.0591941
3.86994	0.0591941	0.0570449
3.90908	0.0570449	0.0600392
3.91097	0.0600392	0.0577843
3.91286	0.0577843	0.0559363
3.95106	0.0559363	0.0541943
3.95294	0.0541943	0.05267
3.95483	0.05267	0.0513362
3.99303	0.0513362	0.0501692
3.99492	0.0501692	0.049148
3.99681	0.049148	0.0482545
4.03406	0.0482545	0.0522227
4.03595	0.0522227	0.0509449
4.03784	0.0509449	0.0499518
4.07509	0.0499518	0.0535828
4.07698	0.0535828	0.0521349
4.07887	0.0521349	0.0509931
4.11612	0.0509931	0.0544939
4.11801	0.0544939	0.0530572
4.1199	0.0530572	0.0518001
4.12179	0.0518001	0.0507
4.1581	0.0507	0.0496125
4.15998	0.0496125	0.048536
4.16187	0.048536	0.047719
4.16376	0.047719	0.0470041
4.20007	0.0470041	0.0463786
4.20196	0.0463786	0.0458313
4.20385	0.0458313	0.0453524
4.20573	0.0453524	0.0451833
4.2411	0.0451833	0.0492854
4.24299	0.0492854	0.0483747
4.24488	0.0483747	0.0477029
4.24676	0.0477029	0.047115
4.28213	0.047115	0.0508506
4.28402	0.0508506	0.0498693
4.28591	0.0498693	0.0490106
4.2878	0.0490106	0.0482593
4.28968	0.0482593	0.0476019
4.32411	0.0476019	0.0469017
4.32599	0.0469017	0.046164
4.32788	0.046164	0.0456435
4.32977	0.0456435	0.045188
4.33166	0.045188	0.0447895
4.36608	0.0447895	0.0444408
4.36797	0.0444408	0.0441357
4.36986	0.0441357	0.0438688
4.37174	0.0438688	0.0436352
4.37363	0.0436352	0.0434308
4.40805	0.0434308	0.0432519
4.40994	0.0432519	0.0432204
4.41183	0.0432204	0.0433179
4.41372	0.0433179	0.0434031
4.41561	0.0434031	0.0434778
4.44908	0.0434778	0.047543
4.45097	0.047543	0.0468502
4.45286	0.0468502	0.0463689
4.45475	0.0463689	0.0459478
4.45664	0.0459478	0.0455793
4.49012	0.0455793	0.0492569
4.492	0.0492569	0.0484748
4.49389	0.0484748	0.0477904
4.49578	0.0477904	0.0471916
4.49767	0.0471916	0.0466677
4.49956	0.0466677	0.0462092
4.53209	0.0462092	0.0456831
4.53398	0.0456831	0.0450977
4.53587	0.0450977	0.0447105
4.53775	0.0447105	0.0443717
4.53964	0.0443717	0.0440752
4.54153	0.0440752	0.0438158
4.57406	0.0438158	0.0435888
4.57595	0.0435888	0.0433902
4.57784	0.0433902	0.0432164
4.57973	0.0432164	0.0430644
4.58162	0.0430644	0.0431813
4.5835	0.0431813	0.0432837
4.61509	0.0432837	0.0471232
4.61698	0.0471232	0.0464828
4.61887	0.0464828	0.0460475
4.62076	0.0460475	0.0456665
4.62265	0.0456665	0.0453332
4.62453	0.0453332	0.0450416
4.65612	0.0450416	0.0485364
4.65801	0.0485364	0.0478443
4.6599	0.0478443	0.0472388
4.66179	0.0472388	0.0467089
4.66368	0.0467089	0.0462453
4.66556	0.0462453	0.0458396
4.66745	0.0458396	0.0454847
4.6981	0.0454847	0.0450491
4.69999	0.0450491	0.044543
4.70188	0.044543	0.0442251
4.70376	0.0442251	0.043947
4.70565	0.043947	0.0437036
4.70754	0.0437036	0.0434906
4.70943	0.0434906	0.0433043
4.74007	0.0433043	0.0431413
4.74196	0.0431413	0.0429986
4.74385	0.0429986	0.0428738
4.74574	0.0428738	0.0427646
4.74763	0.0427646	0.042669
4.74951	0.042669	0.0425854
4.7514	0.0425854	0.0425122
4.7811	0.0425122	0.0461982
4.78299	0.0461982	0.0456734
4.78488	0.0456734	0.0453392
4.78677	0.0453392	0.0450468
4.78866	0.0450468	0.044791
4.79054	0.044791	0.0445671
4.79243	0.0445671	0.0443712
4.82213	0.0443712	0.0476998
4.82402	0.0476998	0.0471123
4.82591	0.0471123	0.0465983
4.8278	0.0465983	0.0461485
4.82969	0.0461485	0.0457549
4.83157	0.0457549	0.0454106
4.83346	0.0454106	0.0451092
4.86316	0.0451092	0.0483456
4.86505	0.0483456	0.0476774
4.86694	0.0476774	0.0469677
4.86883	0.0469677	0.0464718
4.87072	0.0464718	0.0460378
4.8726	0.0460378	0.0456581
4.87449	0.0456581	0.0453258
4.87638	0.0453258	0.0450351
4.90514	0.0450351	0.0446557
4.90703	0.0446557	0.0443237
4.90892	0.0443237	0.0440333
4.9108	0.0440333	0.0437791
4.91269	0.0437791	0.0435567
4.91458	0.0435567	0.0433621
4.91647	0.0433621	0.0431919
4.91836	0.0431919	0.0430429
4.94711	0.0430429	0.0429125
4.949	0.0429125	0.0427985
4.95089	0.0427985	0.0426986
4.95278	0.0426986	0.0426113
4.95467	0.0426113	0.0427849
4.95655	0.0427849	0.0429368
4.95844	0.0429368	0.0430697
4.96033	0.0430697	0.043186
4.98814	0.043186	0.0465377
4.99003	0.0465377	0.0460955
4.99192	0.0460955	0.0455836
4.99381	0.0455836	0.0452606
4.9957	0.0452606	0.044978
4.99758	0.044978	0.0447308
4.99947	0.0447308	0.0445144
5.00136	0.0445144	0.0443251
5.02917	0.0443251	0.0474095
5.03106	0.0474095	0.0468583
5.03295	0.0468583	0.046251
5.03484	0.046251	0.0458446
5.03673	0.0458446	0.0454891
5.03861	0.0454891	0.0451779
5.0405	0.0451779	0.0449057
5.04239	0.0449057	0.0446675
5.04428	0.0446675	0.044459
5.07115	0.044459	0.0441517
5.07304	0.0441517	0.0438827
5.07492	0.0438827	0.0436474
5.07681	0.0436474	0.0434414
5.0787	0.0434414	0.0432613
5.08059	0.0432613	0.0431036
5.08248	0.0431036	0.0429657
5.08436	0.0429657	0.0428449
5.08625	0.0428449	0.0427393
5.11312	0.0427393	0.0426469
5.11501	0.0426469	0.042566
5.1169	0.042566	0.0424953
5.11879	0.0424953	0.0424334
5.12068	0.0424334	0.0423792
5.12256	0.0423792	0.0423318
5.12445	0.0423318	0.0422903
5.12634	0.0422903	0.042504
5.12823	0.042504	0.042691
5.15415	0.042691	0.0458547
5.15604	0.0458547	0.0454978
5.15793	0.0454978	0.0450606
5.15982	0.0450606	0.044803
5.16171	0.044803	0.0445776
5.16359	0.0445776	0.0443804
5.16548	0.0443804	0.0442079
5.16737	0.0442079	0.0440569
5.16926	0.0440569	0.0439248
5.19518	0.0439248	0.0468092
5.19707	0.0468092	0.046333
5.19896	0.046333	0.0457914
5.20085	0.0457914	0.0454425
5.20274	0.0454425	0.0451372
5.20462	0.0451372	0.04487
5.20651	0.04487	0.0446363
5.2084	0.0446363	0.0444317
5.21029	0.0444317	0.0442528
5.21218	0.0442528	0.0440962
5.23716	0.0440962	0.0438342
5.23905	0.0438342	0.0436049
5.24093	0.0436049	0.0434043
5.24282	0.0434043	0.0432287
5.24471	0.0432287	0.0430751
5.2466	0.0430751	0.0429408
5.24849	0.0429408	0.0428232
5.25037	0.0428232	0.0427203
5.25226	0.0427203	0.0426302
5.25415	0.0426302	0.0425514
5.27913	0.0425514	0.0424825
5.28102	0.0424825	0.0424222
5.28291	0.0424222	0.0423694
5.2848	0.0423694	0.0423232
5.28668	0.0423232	0.0422828
5.28857	0.0422828	0.0422475
5.29046	0.0422475	0.0422165
5.29235	0.0422165	0.0421895
5.29424	0.0421895	0.0421658
5.29612	0.0421658	0.0421451
5.32111	0.0421451	0.0421269
5.323	0.0421269	0.0422361
5.32488	0.0422361	0.0423316
5.32677	0.0423316	0.0425401
5.32866	0.0425401	0.0427226
5.33055	0.0427226	0.0428823
5.33244	0.0428823	0.043022
5.33432	0.043022	0.0431442
5.33621	0.0431442	0.0432512
5.3381	0.0432512	0.0433448
5.36214	0.0433448	0.0461767
5.36403	0.0461767	0.0457796
5.36591	0.0457796	0.0454322
5.3678	0.0454322	0.0451281
5.36969	0.0451281	0.0448621
5.37158	0.0448621	0.0446294
5.37347	0.0446294	0.0444257
5.37535	0.0444257	0.0442475
5.37724	0.0442475	0.0440915
5.37913	0.0440915	0.0439551
5.40317	0.0439551	0.0465857
5.40506	0.0465857	0.0461375
5.40694	0.0461375	0.0456203
5.40883	0.0456203	0.0452928
5.41072	0.0452928	0.0450062
5.41261	0.0450062	0.0447554
5.4145	0.0447554	0.044536
5.41638	0.044536	0.044344
5.41827	0.044344	0.044176
5.42016	0.044176	0.044029
5.42205	0.044029	0.0439004
5.44514	0.0439004	0.0436628
5.44703	0.0436628	0.043455
5.44892	0.043455	0.0432731
5.45081	0.0432731	0.043114
5.45269	0.043114	0.0429747
5.45458	0.0429747	0.0428529
5.45647	0.0428529	0.0427463
5.45836	0.0427463	0.042653
5.46025	0.042653	0.0425714
5.46213	0.0425714	0.0424999
5.46402	0.0424999	0.0424374
5.48712	0.0424374	0.0423828
5.489	0.0423828	0.0423349
5.49089	0.0423349	0.0422931
5.49278	0.0422931	0.0422564
5.49467	0.0422564	0.0422244
5.49656	0.0422244	0.0424463
5.49844	0.0424463	0.0426405
5.50033	0.0426405	0.0428105
5.50222	0.0428105	0.0429592
5.50411	0.0429592	0.0430893
5.506	0.0430893	0.0430781
5.52815	0.0430781	0.0456933
5.53004	0.0456933	0.0453567
5.53192	0.0453567	0.0449371
5.53381	0.0449371	0.044695
5.5357	0.044695	0.0444831
5.53759	0.0444831	0.0442977
5.53948	0.0442977	0.0441355
5.54136	0.0441355	0.0439935
5.54325	0.0439935	0.0438694
5.54514	0.0438694	0.0437607
5.54703	0.0437607	0.0436656
5.56918	0.0436656	0.0462074
5.57107	0.0462074	0.0458065
5.57295	0.0458065	0.0453307
5.57484	0.0453307	0.0450393
5.57673	0.0450393	0.0447844
5.57862	0.0447844	0.0445614
5.58051	0.0445614	0.0443662
5.58239	0.0443662	0.0441954
5.58428	0.0441954	0.044046
5.58617	0.044046	0.0439152
5.58806	0.0439152	0.0438008
5.58995	0.0438008	0.0435757
5.61115	0.0435757	0.0433788
5.61304	0.0433788	0.0432064
5.61493	0.0432064	0.0430556
5.61682	0.0430556	0.0429237
5.6187	0.0429237	0.0428082
5.62059	0.0428082	0.0427072
5.62248	0.0427072	0.0426188
5.62437	0.0426188	0.0425414
5.62626	0.0425414	0.0424738
5.69417	0.0424738	0.0450395
5.697	0.0450395	0.0447846
5.69983	0.0447846	0.0445615
5.70361	0.0445615	0.0444913
5.7055	0.0444913	0.0441799
5.70739	0.0441799	0.0439074
5.70927	0.0439074	0.043669
5.71116	0.043669	0.0434604
5.71305	0.0434604	0.0432778
5.73614	0.0432778	0.0431181
5.73898	0.0431181	0.0428533
5.74181	0.0428533	0.0427467
5.74558	0.0427467	0.0426533
5.74747	0.0426533	0.0425717
5.74936	0.0425717	0.0425002
5.75125	0.0425002	0.0424377
5.75314	0.0424377	0.042383
5.75502	0.042383	0.0423351
5.77812	0.0423351	0.0422932
5.78095	0.0422932	0.0422566
5.78284	0.0422566	0.0424745
5.78661	0.0424745	0.0427902
5.7885	0.0427902	0.0428164
5.79039	0.0428164	0.0428394
5.79228	0.0428394	0.0428594
5.79417	0.0428594	0.042877
5.79605	0.042877	0.0428924
5.81915	0.0428924	0.0455308
5.82198	0.0455308	0.0452145
5.82387	0.0452145	0.0449377
5.82764	0.0449377	0.0449455
5.82953	0.0449455	0.0447023
5.83142	0.0447023	0.0444895
5.83331	0.0444895	0.0443033
5.8352	0.0443033	0.0441404
5.83708	0.0441404	0.0439978
5.86018	0.0439978	0.0464981
5.86301	0.0464981	0.0461858
5.8649	0.0461858	0.0457876
5.86868	0.0457876	0.0456892
5.87056	0.0456892	0.045353
5.87245	0.045353	0.0450589
5.87434	0.0450589	0.0448015
5.87623	0.0448015	0.0445763
5.87812	0.0445763	0.0443793
5.88	0.0443793	0.0442069
5.90215	0.0442069	0.043931
5.90499	0.043931	0.0435646
5.90687	0.0435646	0.0433691
5.91065	0.0433691	0.0431979
5.91254	0.0431979	0.0430482
5.91443	0.0430482	0.0429172
5.91631	0.0429172	0.0428025
5.9182	0.0428025	0.0427022
5.92009	0.0427022	0.0426144
5.92198	0.0426144	0.0424126
5.94413	0.0424126	0.042361
5.94696	0.042361	0.0423159
5.94885	0.0423159	0.0422764
5.95262	0.0422764	0.0422419
5.95451	0.0422419	0.0422116
5.9564	0.0422116	0.0421852
5.95829	0.0421852	0.042412
5.96018	0.042412	0.0426105
5.96302	0.0426105	0.0429092
6.02998	0.0429092	0.0426706
6.0347	0.0426706	0.0428367
6.03847	0.0428367	0.0427321
6.04036	0.0427321	0.0426406
6.04225	0.0426406	0.0425605
6.04509	0.0425605	0.0426155
6.04698	0.0426155	0.0424135
6.07101	0.0424135	0.0452369
6.07573	0.0452369	0.0453322
6.0795	0.0453322	0.0452907
6.08139	0.0452907	0.0450044
6.08328	0.0450044	0.0447538
6.08612	0.0447538	0.0446596
6.08801	0.0446596	0.0444521
6.11204	0.0444521	0.0471456
6.11676	0.0471456	0.0468774
6.12053	0.0468774	0.0466427
6.12242	0.0466427	0.0461874
6.12431	0.0461874	0.045789
6.12716	0.045789	0.0455654
6.12904	0.0455654	0.0452447
6.13093	0.0452447	0.0448391
6.15401	0.0448391	0.0444842
6.15873	0.0444842	0.0441737
6.16251	0.0441737	0.043902
6.1644	0.043902	0.0436642
6.16628	0.0436642	0.0434562
6.16913	0.0434562	0.0432742
6.17102	0.0432742	0.0431149
6.17291	0.0431149	0.0429755
6.19599	0.0429755	0.0427286
6.20071	0.0427286	0.0426375
6.20448	0.0426375	0.0425578
6.20637	0.0425578	0.0424881
6.20826	0.0424881	0.0424271
6.2111	0.0424271	0.0423737
6.21299	0.0423737	0.042202
6.21488	0.042202	0.0421767
6.23702	0.0421767	0.0450296
6.24174	0.0450296	0.0451509
6.24551	0.0451509	0.0451321
6.2474	0.0451321	0.0448656
6.24929	0.0448656	0.0446324
6.25213	0.0446324	0.0445533
6.25402	0.0445533	0.0443592
6.25591	0.0443592	0.0441893
6.27805	0.0441893	0.0466656
6.28277	0.0466656	0.0464574
6.28654	0.0464574	0.0462752
6.28843	0.0462752	0.0458658
6.29032	0.0458658	0.0455076
6.29316	0.0455076	0.0453191
6.29505	0.0453191	0.0450292
6.29694	0.0450292	0.0446506
6.31908	0.0446506	0.0470693
6.3238	0.0470693	0.0468106
6.32569	0.0468106	0.0463343
6.32852	0.0463343	0.0457925
6.33041	0.0457925	0.0453184
6.33229	0.0453184	0.0449036
6.33514	0.0449036	0.0445407
6.33703	0.0445407	0.0442231
6.33892	0.0442231	0.0439452
6.36105	0.0439452	0.0437021
6.36577	0.0437021	0.0434893
6.36766	0.0434893	0.0433031
6.37049	0.0433031	0.0431402
6.37238	0.0431402	0.0429977
6.37427	0.0429977	0.042873
6.37711	0.042873	0.0427639
6.379	0.0427639	0.0426684
6.38089	0.0426684	0.0425848
6.40303	0.0425848	0.0425117
6.40775	0.0425117	0.0424478
6.40964	0.0424478	0.0423918
6.41152	0.0423918	0.0425928
6.41341	0.0425928	0.0426437
6.4153	0.0426437	0.0426883
6.41814	0.0426883	0.0428522
6.42003	0.0428522	0.0428707
6.42192	0.0428707	0.0427619
6.44406	0.0427619	0.0454166
6.44878	0.0454166	0.0453645
6.45067	0.0453645	0.045069
6.45255	0.045069	0.0448104
6.45444	0.0448104	0.0445841
6.45633	0.0445841	0.0443861
6.45917	0.0443861	0.0443378
6.46106	0.0443378	0.0441706
6.46295	0.0441706	0.0438992
6.48509	0.0438992	0.0464118
6.48981	0.0464118	0.0462354
6.4917	0.0462354	0.0458309
6.49358	0.0458309	0.0454771
6.49547	0.0454771	0.0451674
6.49736	0.0451674	0.0448965
6.49925	0.0448965	0.0446594
6.50115	0.0446594	0.044327
6.57945	0.044327	0.0440361
6.58133	0.0440361	0.0437816
6.58324	0.0437816	0.0435589
6.58514	0.0435589	0.0433641
6.58702	0.0433641	0.0431935
6.61387	0.0431935	0.0430444
6.61859	0.0430444	0.0430388
6.62142	0.0430388	0.042909
6.62331	0.042909	0.0427953
6.62521	0.0427953	0.0426959
6.62711	0.0426959	0.0426089
6.629	0.0426089	0.0424078
6.65584	0.0424078	0.0423568
6.66056	0.0423568	0.0423122
6.6634	0.0423122	0.0422732
6.66528	0.0422732	0.0424891
6.66717	0.0424891	0.0426779
6.66906	0.0426779	0.0428432
6.67095	0.0428432	0.0428628
6.69687	0.0428628	0.0460049
6.70159	0.0460049	0.0460043
6.70443	0.0460043	0.0457538
6.70631	0.0457538	0.0454096
6.7082	0.0454096	0.0451084
6.71009	0.0451084	0.0448448
6.71198	0.0448448	0.0444892
6.7379	0.0444892	0.0473031
6.74262	0.0473031	0.0471402
6.74546	0.0471402	0.0467477
6.74734	0.0467477	0.0462792
6.74923	0.0462792	0.0458693
6.75112	0.0458693	0.0455106
6.75301	0.0455106	0.0451968
6.7549	0.0451968	0.0449222
6.77988	0.0449222	0.0445569
6.7846	0.0445569	0.0442373
6.78743	0.0442373	0.0439576
6.78932	0.0439576	0.0437129
6.79121	0.0437129	0.0434988
6.79309	0.0434988	0.0433115
6.79498	0.0433115	0.0430225
6.79687	0.0430225	0.0428947
6.82185	0.0428947	0.0427829
6.82657	0.0427829	0.042685
6.8294	0.042685	0.0425994
6.83129	0.0425994	0.0425245
6.83318	0.0425245	0.0424589
6.83507	0.0424589	0.0424015
6.83696	0.0424015	0.0423514
6.83884	0.0423514	0.0425574
6.86288	0.0425574	0.0454878
6.8676	0.0454878	0.0455518
6.87044	0.0455518	0.0453578
6.87232	0.0453578	0.0450631
6.87421	0.0450631	0.0448052
6.8761	0.0448052	0.0445795
6.87799	0.0445795	0.0442571
6.87988	0.0442571	0.0441
6.90391	0.0441	0.0467125
6.90863	0.0467125	0.0466234
6.91147	0.0466234	0.0462955
6.91335	0.0462955	0.0458835
6.91524	0.0458835	0.0455231
6.91713	0.0455231	0.0452077
6.91902	0.0452077	0.0449317
6.92091	0.0449317	0.0446903
6.94494	0.0446903	0.047229
6.94683	0.047229	0.0467004
6.95061	0.0467004	0.0461128
6.95344	0.0461128	0.0455987
6.95533	0.0455987	0.0451489
6.95722	0.0451489	0.0447553
6.9591	0.0447553	0.0444109
6.96099	0.0444109	0.0439845
6.96288	0.0439845	0.0437364
6.98692	0.0437364	0.0435194
6.98881	0.0435194	0.0433295
6.99258	0.0433295	0.0431633
6.99541	0.0431633	0.0430179
6.9973	0.0430179	0.0428906
6.99919	0.0428906	0.0427793
7.00204	0.0427793	0.0428069
7.07088	0.0428069	0.042706
7.07466	0.042706	0.0427428
7.07938	0.0427428	0.0426499
7.08126	0.0426499	0.0425687
7.08411	0.0425687	0.0426226
7.086	0.0426226	0.0424198
7.11191	0.0424198	0.0453673
7.11569	0.0453673	0.0453214
7.12041	0.0453214	0.0454062
7.12229	0.0454062	0.0451054
7.12514	0.0451054	0.0449673
7.12703	0.0449673	0.0447214
7.12892	0.0447214	0.0445062
7.15388	0.0445062	0.0441929
7.15766	0.0441929	0.0439188
7.16238	0.0439188	0.0436789
7.16427	0.0436789	0.0434691
7.16711	0.0434691	0.0432854
7.169	0.0432854	0.0431248
7.17089	0.0431248	0.0429842
7.19586	0.0429842	0.0428611
7.19964	0.0428611	0.0427535
7.20436	0.0427535	0.0426593
7.20624	0.0426593	0.0425769
7.20909	0.0425769	0.0425048
7.21098	0.0425048	0.0423167
7.21286	0.0423167	0.0422771
7.23783	0.0422771	0.0422425
7.24067	0.0422425	0.0425872
7.24539	0.0425872	0.0430138
7.24727	0.0430138	0.043012
7.25012	0.043012	0.0431355
7.25201	0.0431355	0.0431186
7.25389	0.0431186	0.0431038
7.27886	0.0431038	0.0459658
7.2817	0.0459658	0.0457201
7.28642	0.0457201	0.0457551
7.2883	0.0457551	0.0454107
7.29115	0.0454107	0.0452343
7.29304	0.0452343	0.0449551
7.29492	0.0449551	0.0445857
7.31989	0.0445857	0.0472625
7.32273	0.0472625	0.0468547
7.32461	0.0468547	0.0463728
7.32839	0.0463728	0.0458262
7.33028	0.0458262	0.0453479
7.33312	0.0453479	0.0449294
7.33501	0.0449294	0.0445633
7.3369	0.0445633	0.0442429
7.36187	0.0442429	0.0439625
7.3647	0.0439625	0.0437172
7.36659	0.0437172	0.0435025
7.37036	0.0435025	0.0433147
7.37225	0.0433147	0.0431504
7.3751	0.0431504	0.0430066
7.37699	0.0430066	0.0427558
7.37887	0.0427558	0.0426613
7.40384	0.0426613	0.0425786
7.40668	0.0425786	0.0425063
7.40856	0.0425063	0.042443
7.41234	0.042443	0.0423876
7.41423	0.0423876	0.0425892
7.41613	0.0425892	0.0427655
7.41802	0.0427655	0.0427948
7.4199	0.0427948	0.0428205
7.44487	0.0428205	0.0457179
7.44771	0.0457179	0.0455032
7.44959	0.0455032	0.0451903
7.45337	0.0451903	0.0451665
7.45526	0.0451665	0.0448957
7.45716	0.0448957	0.0446587
7.45905	0.0446587	0.0444514
7.46093	0.0444514	0.044145
7.4859	0.044145	0.0468768
7.48874	0.0468768	0.0465172
7.49062	0.0465172	0.0460776
7.4944	0.0460776	0.0459429
7.49629	0.0459429	0.045575
7.49819	0.045575	0.0452531
7.50008	0.0452531	0.0449715
7.50196	0.0449715	0.0446001
7.50385	0.0446001	0.0444001
7.52788	0.0444001	0.0441
7.53071	0.0441	0.0438375
7.5326	0.0438375	0.0436078
7.53637	0.0436078	0.0434069
7.53826	0.0434069	0.043231
7.54016	0.043231	0.0430771
7.54205	0.0430771	0.0429425
7.54394	0.0429425	0.0428247
7.54583	0.0428247	0.0427216
7.56985	0.0427216	0.0426314
7.57268	0.0426314	0.0425525
7.57457	0.0425525	0.0424834
7.57835	0.0424834	0.042423
7.58024	0.042423	0.0423701
7.58214	0.0423701	0.0423238
7.58403	0.0423238	0.0422834
7.58591	0.0422834	0.0422479
7.5878	0.0422479	0.042467
7.61088	0.042467	0.0452836
7.61372	0.0452836	0.0451231
7.6156	0.0451231	0.0448577
7.61938	0.0448577	0.0448755
7.62127	0.0448755	0.0446411
7.62317	0.0446411	0.0444359
7.62506	0.0444359	0.0442565
7.62694	0.0442565	0.0439744
7.62883	0.0439744	0.0438526
7.65191	0.0438526	0.046371
7.65475	0.046371	0.0460746
7.65663	0.0460746	0.0456903
7.66041	0.0456903	0.045604
7.6623	0.045604	0.0452785
7.6642	0.0452785	0.0449937
7.66609	0.0449937	0.0447445
7.66797	0.0447445	0.0444014
7.66986	0.0444014	0.0442263
7.69294	0.0442263	0.046698
7.69483	0.046698	0.0462357
7.69672	0.0462357	0.0457063
7.69861	0.0457063	0.045243
7.70238	0.045243	0.0448376
7.70427	0.0448376	0.0444829
7.70617	0.0444829	0.0441725
7.70806	0.0441725	0.043901
7.70995	0.043901	0.0436633
7.71184	0.0436633	0.0434554
7.73492	0.0434554	0.0432735
7.73681	0.0432735	0.0431143
7.73869	0.0431143	0.042975
7.74058	0.042975	0.0428531
7.74436	0.0428531	0.0427465
7.74625	0.0427465	0.0426532
7.74815	0.0426532	0.0425715
7.75004	0.0425715	0.0425001
7.75192	0.0425001	0.0424376
7.75381	0.0424376	0.0423829
7.77689	0.0423829	0.042335
7.77878	0.042335	0.0422931
7.78067	0.0422931	0.0425065
7.78256	0.0425065	0.0426932
7.78539	0.0426932	0.0429815
7.78728	0.0429815	0.0429838
7.78918	0.0429838	0.0429859
7.79202	0.0429859	0.0431126
7.85991	0.0431126	0.0429736
7.86274	0.0429736	0.0428519
7.86746	0.0428519	0.0428704
7.86935	0.0428704	0.0427616
7.87125	0.0427616	0.0426664
7.8741	0.0426664	0.0427081
7.87598	0.0427081	0.0424946
7.90094	0.0424946	0.0453077
7.90377	0.0453077	0.0451443
7.90849	0.0451443	0.0452512
7.91038	0.0452512	0.0449698
7.91228	0.0449698	0.0447236
7.91513	0.0447236	0.0446332
7.91701	0.0446332	0.044429
7.94197	0.044429	0.0471254
7.9448	0.0471254	0.0467347
7.94952	0.0467347	0.0466429
7.95141	0.0466429	0.0461875
7.95331	0.0461875	0.0457891
7.9552	0.0457891	0.0454404
7.9571	0.0454404	0.0450104
7.95899	0.0450104	0.0445091
7.98395	0.0445091	0.0441954
7.98678	0.0441954	0.043921
7.9915	0.043921	0.0436809
7.99339	0.0436809	0.0434708
7.99529	0.0434708	0.0432869
7.99717	0.0432869	0.0431261
7.99908	0.0431261	0.0429853
8.00096	0.0429853	0.0428621
8.02592	0.0428621	0.0427544
8.02875	0.0427544	0.0426601
8.03347	0.0426601	0.0425776
8.03536	0.0425776	0.0425054
8.03726	0.0425054	0.0424422
8.03915	0.0424422	0.0423869
8.04105	0.0423869	0.0423386
8.04294	0.0423386	0.0424212
8.06695	0.0424212	0.0453686
8.06978	0.0453686	0.0451975
8.0745	0.0451975	0.0452978
8.07639	0.0452978	0.0450106
8.07829	0.0450106	0.0447593
8.08018	0.0447593	0.0445394
8.08208	0.0445394	0.0443469
8.08397	0.0443469	0.0440536
8.10798	0.0440536	0.0466719
8.11081	0.0466719	0.0463379
8.11553	0.0463379	0.0462957
8.11742	0.0462957	0.0458837
8.11932	0.0458837	0.0455232
8.12121	0.0455232	0.0452078
8.12311	0.0452078	0.0449318
8.125	0.0449318	0.0445654
8.14901	0.0445654	0.0472447
8.1509	0.0472447	0.0467141
8.15279	0.0467141	0.0461248
8.15751	0.0461248	0.0456092
8.1594	0.0456092	0.0451581
8.1613	0.0451581	0.0447633
8.16318	0.0447633	0.0444179
8.16508	0.0444179	0.0441157
8.16697	0.0441157	0.0438512
8.19099	0.0438512	0.0434948
8.19287	0.0434948	0.043308
8.19476	0.043308	0.0431445
8.19948	0.0431445	0.0430014
8.20137	0.0430014	0.0428762
8.20327	0.0428762	0.0427667
8.20516	0.0427667	0.0426709
8.20706	0.0426709	0.042587
8.20895	0.042587	0.0425136
8.23296	0.0425136	0.0424494
8.23485	0.0424494	0.0423932
8.23674	0.0423932	0.0425941
8.24051	0.0425941	0.0430198
8.2424	0.0430198	0.0430173
8.2443	0.0430173	0.0430152
8.24619	0.0430152	0.0430133
8.24809	0.0430133	0.0430116
8.24998	0.0430116	0.0428852
8.27399	0.0428852	0.0456495
8.27588	0.0456495	0.0453183
8.27777	0.0453183	0.0450285
8.28154	0.0450285	0.045025
8.28343	0.045025	0.0447718
8.28533	0.0447718	0.0445504
8.28722	0.0445504	0.0443566
8.28912	0.0443566	0.044187
8.29101	0.044187	0.0440386
8.31502	0.0440386	0.0467838
8.31691	0.0467838	0.0463108
8.3188	0.0463108	0.045897
8.32257	0.045897	0.0457848
8.32446	0.0457848	0.0454367
8.32635	0.0454367	0.0451321
8.32824	0.0451321	0.0448656
8.33012	0.0448656	0.0446324
8.33201	0.0446324	0.0444284
8.3339	0.0444284	0.0441248
8.357	0.0441248	0.0437342
8.35888	0.0437342	0.0435174
8.36077	0.0435174	0.0433278
8.36455	0.0433278	0.0431618
8.36644	0.0431618	0.0430166
8.36832	0.0430166	0.0428895
8.37021	0.0428895	0.0427783
8.3721	0.0427783	0.042681
8.37399	0.042681	0.0424709
8.37588	0.0424709	0.042412
8.39897	0.042412	0.0423605
8.40086	0.0423605	0.0423155
8.40275	0.0423155	0.042276
8.40652	0.042276	0.0422415
8.40841	0.0422415	0.0422113
8.4103	0.0422113	0.0421849
8.41219	0.0421849	0.0424118
8.41407	0.0424118	0.0426103
8.41596	0.0426103	0.042659
8.41785	0.042659	0.0428267
8.44	0.0428267	0.0455983
8.44189	0.0455983	0.0452735
8.44378	0.0452735	0.0449893
8.44755	0.0449893	0.0449907
8.44944	0.0449907	0.0447418
8.45133	0.0447418	0.0445241
8.45322	0.0445241	0.0443336
8.4551	0.0443336	0.0441669
8.45699	0.0441669	0.043896
8.45888	0.043896	0.043784
8.48103	0.043784	0.046311
8.48292	0.046311	0.0457721
8.48481	0.0457721	0.0454256
8.48858	0.0454256	0.0453724
8.49047	0.0453724	0.0450759
8.49236	0.0450759	0.0448164
8.49425	0.0448164	0.0445893
8.49613	0.0445893	0.0443907
8.49802	0.0443907	0.0442168
8.49991	0.0442168	0.0440647
8.5018	0.0440647	0.0439316
8.523	0.0439316	0.0436902
8.52489	0.0436902	0.0434789
8.52678	0.0434789	0.043294
8.53056	0.043294	0.0431323
8.53244	0.0431323	0.0429908
8.53433	0.0429908	0.0428669
8.53622	0.0428669	0.0427585
8.53811	0.0427585	0.0426637
8.54	0.0426637	0.0424558
8.54188	0.0424558	0.0423988
8.54377	0.0423988	0.0423489
8.56498	0.0423489	0.0421803
8.56687	0.0421803	0.0421578
8.56876	0.0421578	0.0421381
8.57253	0.0421381	0.0421208
8.57442	0.0421208	0.0421057
8.57631	0.0421057	0.0420925
8.5782	0.0420925	0.0420809
8.58008	0.0420809	0.0420708
8.58197	0.0420708	0.042062
8.58386	0.042062	0.0420542
8.58575	0.0420542	0.0422974
8.60601	0.0422974	0.0448853
8.6079	0.0448853	0.0446496
8.60979	0.0446496	0.0444434
8.61356	0.0444434	0.044513
8.61545	0.044513	0.0443239
8.61734	0.0443239	0.0441584
8.61923	0.0441584	0.0440136
8.62111	0.0440136	0.0438869
8.623	0.0438869	0.043776
8.62489	0.043776	0.043679
8.62678	0.043679	0.0435941
8.64704	0.0435941	0.0458949
8.64893	0.0458949	0.045408
8.65082	0.045408	0.045107
8.65459	0.045107	0.0450936
8.65648	0.0450936	0.0448319
8.65837	0.0448319	0.0446029
8.66026	0.0446029	0.0444026
8.66214	0.0444026	0.0442272
8.66403	0.0442272	0.0440738
8.66592	0.0440738	0.0438146
8.66781	0.0438146	0.0437128
8.68807	0.0437128	0.0459987
8.68996	0.0459987	0.0454988
8.69185	0.0454988	0.0451865
8.69373	0.0451865	0.0449132
8.69657	0.0449132	0.044549
8.69845	0.044549	0.0442304
8.70034	0.0442304	0.0439516
8.70223	0.0439516	0.0437077
8.70412	0.0437077	0.0434942
8.70601	0.0434942	0.0433074
8.70789	0.0433074	0.043144
8.72911	0.043144	0.045501
8.77581	0.045501	0.0451884
8.77958	0.0451884	0.0450398
8.78242	0.0450398	0.0447848
8.78619	0.0447848	0.0446867
8.78808	0.0446867	0.0443509
8.78997	0.0443509	0.044057
8.81119	0.044057	0.0462999
8.81308	0.0462999	0.0457624
8.81684	0.0457624	0.0455421
8.82061	0.0455421	0.0454743
8.82345	0.0454743	0.0452901
8.82722	0.0452901	0.0452538
8.82911	0.0452538	0.0449721
8.831	0.0449721	0.0446006
8.85222	0.0446006	0.0469005
8.85411	0.0469005	0.0464129
8.85599	0.0464129	0.0458613
8.85881	0.0458613	0.0453786
8.86259	0.0453786	0.0449563
8.86542	0.0449563	0.0445868
8.8692	0.0445868	0.0442634
8.87108	0.0442634	0.0439805
8.87297	0.0439805	0.0437329
8.89419	0.0437329	0.0435163
8.89608	0.0435163	0.0433268
8.89797	0.0433268	0.0431609
8.90079	0.0431609	0.0430158
8.90456	0.0430158	0.0428888
8.9074	0.0428888	0.0427777
8.91117	0.0427777	0.0426805
8.91306	0.0426805	0.0425954
8.91495	0.0425954	0.042521
8.93617	0.042521	0.0424559
8.93805	0.0424559	0.0423989
8.93994	0.0423989	0.042349
8.99324	0.042349	0.0425554
8.99608	0.0425554	0.042486
9.01918	0.042486	0.0424252
9.02107	0.0424252	0.0423721
9.02296	0.0423721	0.0423256
9.02768	0.0423256	0.0425349
9.1022	0.0425349	0.042468
9.10598	0.042468	0.0422845
9.10975	0.0422845	0.0424989
9.11636	0.0424989	0.0430616
9.14323	0.0430616	0.0460539
9.14701	0.0460539	0.0459221
9.15078	0.0459221	0.0458069
9.15739	0.0458069	0.046081
9.15928	0.046081	0.0456959
9.18521	0.0456959	0.0452339
9.18898	0.0452339	0.0447047
9.19844	0.0447047	0.0451166
9.272	0.0451166	0.044727
9.28145	0.044727	0.0443861
9.28334	0.0443861	0.0440879
9.31397	0.0440879	0.0437019
9.32343	0.0437019	0.0434891
9.32532	0.0434891	0.043303
9.35595	0.043303	0.0431401
9.36446	0.0431401	0.0441226
9.36635	0.0441226	0.0439823
9.39698	0.0439823	0.0473595
9.40549	0.0473595	0.0476896
9.40738	0.0476896	0.0471034
9.43801	0.0471034	0.0502154
9.44652	0.0502154	0.0501885
9.44841	0.0501885	0.0492899
9.45029	0.0492899	0.0485037
9.47998	0.0485037	0.0475657
9.48849	0.0475657	0.04687
9.49038	0.04687	0.0462613
9.49227	0.0462613	0.0457286
9.52196	0.0457286	0.0452625
9.53047	0.0452625	0.0448547
9.53236	0.0448547	0.0444979
9.53424	0.0444979	0.0441856
9.56299	0.0441856	0.0474124
9.5715	0.0474124	0.0477359
9.57339	0.0477359	0.0471439
9.57527	0.0471439	0.0466259
9.60402	0.0466259	0.0495477
9.61253	0.0495477	0.0496042
9.61442	0.0496042	0.0487787
9.6163	0.0487787	0.0480563
9.64505	0.0480563	0.0507993
9.64694	0.0507993	0.0496994
9.6545	0.0496994	0.048737
9.65639	0.048737	0.0478948
9.65828	0.0478948	0.047158
9.68702	0.047158	0.0465132
9.68891	0.0465132	0.0459491
9.69648	0.0459491	0.0454554
9.69836	0.0454554	0.0450235
9.70025	0.0450235	0.0446456
9.729	0.0446456	0.0441899
9.73089	0.0441899	0.0439161
9.73845	0.0439161	0.0436766
9.74034	0.0436766	0.043717
9.74223	0.043717	0.0437524
9.77003	0.0437524	0.0470334
9.77192	0.0470334	0.0465292
9.77948	0.0465292	0.046838
9.78137	0.046838	0.0463583
9.78326	0.0463583	0.0459385
9.81106	0.0459385	0.0488212
9.81295	0.0488212	0.0479685
9.82051	0.0479685	0.0480975
9.8224	0.0480975	0.0474603
9.82429	0.0474603	0.0469028
9.82618	0.0469028	0.0464149
9.85303	0.0464149	0.045863
9.85492	0.045863	0.0453802
9.86249	0.0453802	0.0449576
9.86437	0.0449576	0.0445879
9.86626	0.0445879	0.0442644
9.86815	0.0442644	0.0439814
9.89501	0.0439814	0.0437337
9.8969	0.0437337	0.043517
9.90446	0.043517	0.0433274
9.90635	0.0433274	0.0431615
9.90824	0.0431615	0.0430163
9.91012	0.0430163	0.0428892
9.93604	0.0428892	0.0460281
9.93793	0.0460281	0.0455246
9.94549	0.0455246	0.045959
9.94738	0.045959	0.0455891
9.94927	0.0455891	0.0452655
9.95116	0.0452655	0.0449823
9.97707	0.0449823	0.0477345
9.97896	0.0477345	0.0470177
9.98652	0.0470177	0.0472655
9.98841	0.0472655	0.0467323
9.9903	0.0467323	0.0462658
9.99219	0.0462658	0.0458575
10.0181	0.0458575	0.0485003
10.02	0.0485003	0.0476878
10.0219	0.0476878	0.0471018
10.0285	0.0471018	0.0464641
10.0304	0.0464641	0.0459061
10.0323	0.0459061	0.0454178
10.0342	0.0454178	0.0449906
10.0601	0.0449906	0.0446168
10.062	0.0446168	0.0442897
10.0638	0.0442897	0.0440035
10.0705	0.0440035	0.043753
10.0724	0.043753	0.0435339
10.0742	0.0435339	0.0433422
10.0761	0.0433422	0.0431744
10.102	0.0431744	0.0430276
10.1039	0.0430276	0.0428991
10.1058	0.0428991	0.0427867
10.1115	0.0427867	0.0434384
10.1134	0.0434384	0.0433836
10.1153	0.0433836	0.0433357
10.1172	0.0433357	0.0432937
10.1431	0.0432937	0.046257
10.145	0.046257	0.0457249
10.1469	0.0457249	0.0453843
10.1525	0.0453843	0.0455862
10.1544	0.0455862	0.0452629
10.1563	0.0452629	0.0449801
10.1582	0.0449801	0.0447326
10.1841	0.0447326	0.047516
10.186	0.047516	0.0468265
10.1879	0.0468265	0.0463482
10.1936	0.0463482	0.0464297
10.1954	0.0464297	0.046001
10.1973	0.046001	0.0456258
10.1992	0.0456258	0.0452976
10.2011	0.0452976	0.0450104
10.2261	0.0450104	0.0446341
10.228	0.0446341	0.0443048
10.2299	0.0443048	0.0440167
10.2355	0.0440167	0.0437646
10.2374	0.0437646	0.0435441
10.2393	0.0435441	0.0433511
10.2412	0.0433511	0.0431822
10.2431	0.0431822	0.0430344
10.2681	0.0430344	0.0429051
10.2699	0.0429051	0.042792
10.2718	0.042792	0.042693
10.2775	0.042693	0.0426063
10.2794	0.0426063	0.0425306
10.2813	0.0425306	0.0424642
10.2832	0.0424642	0.0424062
10.2851	0.0424062	0.0426054
10.3091	0.0426054	0.0455297
10.311	0.0455297	0.0450885
10.3129	0.0450885	0.0448275
10.3185	0.0448275	0.045099
10.3204	0.045099	0.0448366
10.3223	0.0448366	0.0446071
10.3242	0.0446071	0.0444062
10.3261	0.0444062	0.0442304
10.3501	0.0442304	0.0468266
10.352	0.0468266	0.0463483
10.3539	0.0463483	0.0459297
10.3596	0.0459297	0.0460635
10.3615	0.0460635	0.0456806
10.3633	0.0456806	0.0453455
10.436	0.0453455	0.0450523
10.4454	0.0450523	0.0450458
10.5294	0.0450458	0.0446651
10.5313	0.0446651	0.0443319
10.5704	0.0443319	0.0487904
10.5723	0.0487904	0.0480666
10.6115	0.0480666	0.0520583
10.6134	0.0520583	0.050926
10.6525	0.050926	0.0545603
10.6544	0.0545603	0.0531152
10.6563	0.0531152	0.0518508
10.6945	0.0518508	0.0506195
10.6964	0.0506195	0.049542
10.8195	0.049542	0.0487243
10.8605	0.0487243	0.0526337
10.9016	0.0526337	0.0563045
10.9426	0.0563045	0.0595165
10.9445	0.0595165	0.0574519
10.9846	0.0574519	0.0555204
10.9864	0.0555204	0.0538304
11.0265	0.0538304	0.0523516
11.0284	0.0523516	0.0510576
11.0685	0.0510576	0.0499254
11.0704	0.0499254	0.0491847
11.1095	0.0491847	0.0531616
11.1114	0.0531616	0.0518914
11.1506	0.0518914	0.055405
11.1525	0.055405	0.0538544
11.1543	0.0538544	0.0524976
11.1925	0.0524976	0.0511854
11.1944	0.0511854	0.0500372
11.1963	0.0500372	0.0490326
11.2345	0.0490326	0.0481535
11.2364	0.0481535	0.0473843
11.2383	0.0473843	0.0467113
11.2765	0.0467113	0.0461224
11.2784	0.0461224	0.0458571
11.2803	0.0458571	0.0456249
11.3175	0.0456249	0.0497968
11.3194	0.0497968	0.0489472
11.3213	0.0489472	0.0482038
11.3586	0.0482038	0.0519283
11.3604	0.0519283	0.0508123
11.3623	0.0508123	0.0498358
11.3642	0.0498358	0.0489813
11.4005	0.0489813	0.0481086
11.4024	0.0481086	0.047345
11.4043	0.047345	0.0466769
11.4062	0.0466769	0.0460923
11.4425	0.0460923	0.0455808
11.4444	0.0455808	0.0451332
11.4463	0.0451332	0.0447415
11.4482	0.0447415	0.0443988
11.4835	0.0443988	0.048474
11.4854	0.048474	0.0477897
11.4873	0.0477897	0.047191
11.4892	0.047191	0.0466671
11.5246	0.0466671	0.0503337
11.5264	0.0503337	0.049417
11.5283	0.049417	0.0486149
11.5302	0.0486149	0.047913
11.5656	0.047913	0.0514239
11.5675	0.0514239	0.0503709
11.5694	0.0503709	0.0494496
11.5713	0.0494496	0.0486434
11.5731	0.0486434	0.0479379
11.6076	0.0479379	0.0471957
11.6095	0.0471957	0.0465462
11.6113	0.0465462	0.045978
11.6132	0.045978	0.0454807
11.6151	0.0454807	0.0450456
11.6495	0.0450456	0.0446649
11.6514	0.0446649	0.0443318
11.6533	0.0443318	0.0440403
11.6552	0.0440403	0.0440353
11.6571	0.0440353	0.0440309
11.6906	0.0440309	0.047902
11.6925	0.047902	0.0472893
11.6943	0.0472893	0.0467531
11.6962	0.0467531	0.046284
11.6981	0.046284	0.0458735
11.7316	0.0458735	0.0493893
11.7335	0.0493893	0.0485906
11.7354	0.0485906	0.0478918
11.7373	0.0478918	0.0472803
11.7392	0.0472803	0.0467453
11.741	0.0467453	0.0462771
11.7736	0.0462771	0.0457425
11.7755	0.0457425	0.0452747
11.7774	0.0452747	0.0448653
11.7792	0.0448653	0.0445072
11.7811	0.0445072	0.0441938
11.783	0.0441938	0.0439196
11.8155	0.0439196	0.0436796
11.8174	0.0436796	0.0434697
11.8203	0.0434697	0.0434109
11.9033	0.0434109	0.0432346
11.9052	0.0432346	0.0430803
11.9071	0.0430803	0.0430702
11.9415	0.0430702	0.0429364
11.9453	0.0429364	0.0428194
11.9472	0.0428194	0.042967
11.9491	0.042967	0.0430961
11.9825	0.0430961	0.0470841
11.9863	0.0470841	0.0468236
11.9882	0.0468236	0.0463456
11.9901	0.0463456	0.0459274
12.0236	0.0459274	0.0494365
12.1056	0.0494365	0.0522569
12.1094	0.0522569	0.0512248
12.1113	0.0512248	0.0500717
12.1476	0.0500717	0.0490627
12.1514	0.0490627	0.0481799
12.1533	0.0481799	0.0474074
12.1896	0.0474074	0.0467315
12.1934	0.0467315	0.0461401
12.1953	0.0461401	0.0458725
12.2306	0.0458725	0.0497635
12.2344	0.0497635	0.049168
12.2363	0.049168	0.048397
12.2717	0.048397	0.0518474
12.2754	0.0518474	0.0509915
12.2773	0.0509915	0.0499925
12.2792	0.0499925	0.0491185
12.3136	0.0491185	0.0482287
12.3174	0.0482287	0.0474501
12.3193	0.0474501	0.0467688
12.3212	0.0467688	0.0461727
12.3556	0.0461727	0.0456511
12.3594	0.0456511	0.0451947
12.3613	0.0451947	0.0447954
12.3632	0.0447954	0.044446
12.3976	0.044446	0.0441402
12.4004	0.0441402	0.0442477
12.4023	0.0442477	0.0440917
12.4042	0.0440917	0.0439553
12.4386	0.0439553	0.0478359
12.4415	0.0478359	0.0473564
12.4433	0.0473564	0.0468118
12.4452	0.0468118	0.0463353
12.4796	0.0463353	0.0499184
12.4825	0.0499184	0.0491786
12.4844	0.0491786	0.0484063
12.4863	0.0484063	0.0477305
12.4881	0.0477305	0.0471392
12.5216	0.0471392	0.0464968
12.5245	0.0464968	0.0459347
12.5263	0.0459347	0.0454429
12.5282	0.0454429	0.0450125
12.5301	0.0450125	0.0446359
12.5636	0.0446359	0.0443064
12.5664	0.0443064	0.0440181
12.5683	0.0440181	0.0437659
12.5702	0.0437659	0.0435451
12.5721	0.0435451	0.043602
12.6046	0.043602	0.0474017
12.6075	0.0474017	0.0469765
12.6094	0.0469765	0.0464795
12.6112	0.0464795	0.0460445
12.6131	0.0460445	0.045664
12.6456	0.045664	0.049081
12.6485	0.049081	0.0484458
12.6504	0.0484458	0.0477651
12.6523	0.0477651	0.0471695
12.6542	0.0471695	0.0466483
12.656	0.0466483	0.0461923
12.6876	0.0461923	0.0456682
12.6905	0.0456682	0.0452097
12.6924	0.0452097	0.0448085
12.6942	0.0448085	0.0444574
12.6961	0.0444574	0.0441502
12.698	0.0441502	0.0438815
12.7296	0.0438815	0.0436463
12.7324	0.0436463	0.0434405
12.7343	0.0434405	0.0432604
12.7362	0.0432604	0.0431029
12.7381	0.0431029	0.042965
12.74	0.042965	0.0427194
12.7716	0.0427194	0.0426295
12.7735	0.0426295	0.0428008
12.7754	0.0428008	0.0428257
12.7772	0.0428257	0.0428475
12.7791	0.0428475	0.0428665
12.781	0.0428665	0.0428832
12.8126	0.0428832	0.0466478
12.8145	0.0466478	0.0461918
12.8164	0.0461918	0.0457929
12.8183	0.0457929	0.0454438
12.8202	0.0454438	0.0451383
12.8221	0.0451383	0.044871
12.8536	0.044871	0.0482621
12.8555	0.0482621	0.0476044
12.8574	0.0476044	0.0470288
12.8593	0.0470288	0.0465252
12.8612	0.0465252	0.0460846
12.8631	0.0460846	0.045699
12.865	0.045699	0.0452366
12.8956	0.0452366	0.044832
12.8975	0.044832	0.044478
12.8994	0.044478	0.0441683
12.9013	0.0441683	0.0438972
12.9032	0.0438972	0.0436601
12.9051	0.0436601	0.0434526
12.9069	0.0434526	0.043271
12.9376	0.043271	0.0431121
12.9395	0.0431121	0.0429731
12.9414	0.0429731	0.0428515
12.9433	0.0428515	0.042745
12.9451	0.042745	0.0429019
12.947	0.0429019	0.0430392
12.9489	0.0430392	0.0430343
12.9786	0.0430343	0.046655
12.9805	0.046655	0.0461981
12.9824	0.0461981	0.0457983
12.9843	0.0457983	0.0454486
12.9862	0.0454486	0.0451425
12.9881	0.0451425	0.0448747
12.99	0.0448747	0.0445153
13.0196	0.0445153	0.0478259
13.0215	0.0478259	0.0472227
13.0234	0.0472227	0.0466948
13.0253	0.0466948	0.046233
13.0272	0.046233	0.0458289
13.0291	0.0458289	0.0454753
13.031	0.0454753	0.0450408
13.0329	0.0450408	0.0447857
13.1083	0.0447857	0.0444375
13.1121	0.0444375	0.0441328
13.114	0.0441328	0.0438662
13.1159	0.0438662	0.0436329
13.1447	0.0436329	0.0434288
13.1494	0.0434288	0.0436252
13.1531	0.0436252	0.0437971
13.155	0.0437971	0.0436974
13.1569	0.0436974	0.0434853
13.1857	0.0434853	0.0467996
13.1904	0.0467996	0.0466997
13.1942	0.0466997	0.0464872
13.1961	0.0464872	0.0460513
13.1979	0.0460513	0.0455449
13.1998	0.0455449	0.0452268
13.2277	0.0452268	0.0448234
13.2324	0.0448234	0.0444705
13.2361	0.0444705	0.0441617
13.238	0.0441617	0.0438915
13.2399	0.0438915	0.043655
13.2418	0.043655	0.0434482
13.2696	0.0434482	0.0432671
13.2743	0.0432671	0.0431087
13.2781	0.0431087	0.0429702
13.28	0.0429702	0.0428489
13.2819	0.0428489	0.0427428
13.2838	0.0427428	0.0426499
13.3107	0.0426499	0.0459437
13.3154	0.0459437	0.0459507
13.3192	0.0459507	0.0458319
13.321	0.0458319	0.0454779
13.3229	0.0454779	0.0450432
13.3248	0.0450432	0.0447878
13.3517	0.0447878	0.0476893
13.3564	0.0476893	0.0474781
13.3602	0.0474781	0.0471684
13.3621	0.0471684	0.0466473
13.364	0.0466473	0.0460664
13.3658	0.0460664	0.0456831
13.3927	0.0456831	0.0484727
13.3974	0.0484727	0.0481636
13.3993	0.0481636	0.0475182
13.4022	0.0475182	0.0468284
13.4814	0.0468284	0.0463498
13.4861	0.0463498	0.0458061
13.488	0.0458061	0.0453304
13.5234	0.0453304	0.0449141
13.5281	0.0449141	0.0445498
13.53	0.0445498	0.0441061
13.5653	0.0441061	0.0438428
13.5701	0.0438428	0.0436125
13.572	0.0436125	0.0434109
13.6073	0.0434109	0.0432345
13.6111	0.0432345	0.0435802
13.613	0.0435802	0.0433827
13.6484	0.0433827	0.0475849
13.6521	0.0475849	0.0472617
13.654	0.0472617	0.046729
13.6894	0.046729	0.0505129
13.6932	0.0505129	0.0498238
13.6951	0.0498238	0.0489708
13.6969	0.0489708	0.0480995
13.7314	0.0480995	0.047337
13.7351	0.047337	0.0466699
13.737	0.0466699	0.0460862
13.7389	0.0460862	0.0455754
13.7733	0.0455754	0.0451285
13.7771	0.0451285	0.0447374
13.779	0.0447374	0.0443952
13.7809	0.0443952	0.0440958
13.8144	0.0440958	0.0480838
13.8182	0.0480838	0.0476984
13.82	0.0476984	0.0471111
13.8219	0.0471111	0.0464722
13.8554	0.0464722	0.0500382
13.8592	0.0500382	0.0494084
13.8611	0.0494084	0.0486073
13.863	0.0486073	0.0477814
13.8964	0.0477814	0.0511837
13.8983	0.0511837	0.0501608
13.9012	0.0501608	0.0491407
13.903	0.0491407	0.0482481
13.9049	0.0482481	0.0474671
13.9384	0.0474671	0.0467837
13.9403	0.0467837	0.0461857
13.9431	0.0461857	0.0456625
13.945	0.0456625	0.0452047
13.9469	0.0452047	0.0448041
13.9804	0.0448041	0.0444536
13.9823	0.0444536	0.0441469
13.9851	0.0441469	0.0438785
13.987	0.0438785	0.0437687
13.9889	0.0437687	0.0436726
14.0214	0.0436726	0.0475886
14.0233	0.0475886	0.047015
14.0261	0.047015	0.0466381
14.028	0.0466381	0.0461833
14.0299	0.0461833	0.0457854
14.0624	0.0457854	0.0493122
14.0643	0.0493122	0.0485232
14.0672	0.0485232	0.0479578
14.0691	0.0479578	0.0473381
14.0709	0.0473381	0.0466708
14.0728	0.0466708	0.046212
14.1044	0.046212	0.0456855
14.1063	0.0456855	0.0452248
14.1091	0.0452248	0.0448217
14.111	0.0448217	0.044469
14.1129	0.044469	0.0441604
14.1148	0.0441604	0.0438903
14.1464	0.0438903	0.043654
14.1483	0.043654	0.0434473
14.1511	0.0434473	0.0432664
14.153	0.0432664	0.0431081
14.1549	0.0431081	0.0429696
14.1568	0.0429696	0.0428484
14.1874	0.0428484	0.0466173
14.1893	0.0466173	0.0461652
14.1921	0.0461652	0.0458945
14.194	0.0458945	0.0455327
14.1959	0.0455327	0.0450911
14.1978	0.0450911	0.0448297
14.2284	0.0448297	0.048226
14.2303	0.048226	0.0475727
14.2332	0.0475727	0.0471262
14.2351	0.0471262	0.0466104
14.237	0.0466104	0.0460341
14.2388	0.0460341	0.0456548
14.2695	0.0456548	0.048948
14.2714	0.048948	0.0482045
14.2732	0.0482045	0.0475539
14.2751	0.0475539	0.0468597
14.277	0.0468597	0.0462522
14.2789	0.0462522	0.0457207
14.2808	0.0457207	0.0452556
14.3114	0.0452556	0.0448487
14.3133	0.0448487	0.0444926
14.3152	0.0444926	0.044181
14.3171	0.044181	0.0439084
14.319	0.0439084	0.0436698
14.3209	0.0436698	0.0434611
14.3228	0.0434611	0.0432785
14.3544	0.0432785	0.0432437
14.4011	0.0432437	0.0430882
14.4049	0.0430882	0.0429522
14.4067	0.0429522	0.0428331
14.4374	0.0428331	0.042729
14.4393	0.042729	0.0426379
14.4431	0.0426379	0.0425581
14.4468	0.0425581	0.0424884
14.4487	0.0424884	0.0424273
14.4794	0.0424273	0.0423739
14.4813	0.0423739	0.0423272
14.485	0.0423272	0.0422863
14.4879	0.0422863	0.0425005
14.4898	0.0425005	0.0425629
14.5204	0.0425629	0.0462426
14.5223	0.0462426	0.0458372
14.5261	0.0458372	0.0457326
14.5289	0.0457326	0.045391
14.5308	0.045391	0.0450921
14.5614	0.0450921	0.0484556
14.5633	0.0484556	0.0477737
14.5671	0.0477737	0.047427
14.5699	0.047427	0.0468736
14.5718	0.0468736	0.0463894
14.5737	0.0463894	0.0459657
14.6034	0.0459657	0.04547
14.6053	0.04547	0.0450362
14.6091	0.0450362	0.0446567
14.6119	0.0446567	0.0443246
14.6138	0.0443246	0.044034
14.6157	0.044034	0.0437798
14.6454	0.0437798	0.0435573
14.6473	0.0435573	0.0433627
14.651	0.0433627	0.0431923
14.6539	0.0431923	0.0430433
14.6558	0.0430433	0.0429129
14.6577	0.0429129	0.0427988
14.6864	0.0427988	0.0463239
14.6883	0.0463239	0.0459084
14.6921	0.0459084	0.0457949
14.6949	0.0457949	0.0454455
14.6968	0.0454455	0.0451398
14.6987	0.0451398	0.0448723
14.7789	0.0448723	0.0447633
14.7808	0.0447633	0.0444179
14.8095	0.0444179	0.0474907
14.8114	0.0474907	0.0468043
14.8208	0.0468043	0.0462038
14.8227	0.0462038	0.0456783
14.8506	0.0456783	0.0487185
14.8524	0.0487185	0.0480037
14.8619	0.0480037	0.0482532
14.8638	0.0482532	0.0475966
14.8916	0.0475966	0.050272
14.8935	0.050272	0.049363
14.9029	0.049363	0.0494426
14.9048	0.0494426	0.0486373
14.9326	0.0486373	0.0511826
14.9345	0.0511826	0.0501598
14.9364	0.0501598	0.0492648
14.9449	0.0492648	0.0483567
14.9468	0.0483567	0.0475621
14.9746	0.0475621	0.0468669
14.9765	0.0468669	0.0462585
14.9784	0.0462585	0.0457262
14.9869	0.0457262	0.0452604
14.9887	0.0452604	0.0448529
15.0166	0.0448529	0.0444963
15.0185	0.0444963	0.0441842
15.0203	0.0441842	0.0439112
15.0279	0.0439112	0.0445473
15.0298	0.0445473	0.0443539
15.0576	0.0443539	0.0474346
15.0595	0.0474346	0.0468803
15.0614	0.0468803	0.0463953
15.0689	0.0463953	0.0465959
15.0708	0.0465959	0.0461464
15.0986	0.0461464	0.0490031
15.1005	0.0490031	0.0482527
15.1024	0.0482527	0.0475961
15.1099	0.0475961	0.0476466
15.1118	0.0476466	0.0470658
15.1137	0.0470658	0.0465576
15.1406	0.0465576	0.0459879
15.1425	0.0459879	0.0454894
15.1444	0.0454894	0.0450532
15.1519	0.0450532	0.0446716
15.1538	0.0446716	0.0443376
15.1557	0.0443376	0.0440454
15.1826	0.0440454	0.0437897
15.1845	0.0437897	0.043566
15.1864	0.043566	0.0433703
15.1939	0.0433703	0.043199
15.1958	0.043199	0.0430491
15.1977	0.0430491	0.042918
15.2246	0.042918	0.0428032
15.2264	0.0428032	0.0429528
15.2283	0.0429528	0.0430837
15.2349	0.0430837	0.0436982
15.2368	0.0436982	0.043611
15.2387	0.043611	0.0435346
15.2656	0.0435346	0.0465928
15.2675	0.0465928	0.0461437
15.2694	0.0461437	0.0457507
15.276	0.0457507	0.0459069
15.2778	0.0459069	0.0455435
15.2797	0.0455435	0.0452256
15.3066	0.0452256	0.0480724
15.3085	0.0480724	0.0474383
15.3104	0.0474383	0.0468835
15.3123	0.0468835	0.0463981
15.3179	0.0463981	0.0458483
15.3198	0.0458483	0.0453673
15.3217	0.0453673	0.0449464
15.3486	0.0449464	0.0445781
15.3505	0.0445781	0.0442558
15.3524	0.0442558	0.0439738
15.3542	0.0439738	0.0437271
15.3599	0.0437271	0.0435112
15.3618	0.0435112	0.0433223
15.3637	0.0433223	0.043157
15.3906	0.043157	0.0430124
15.3924	0.0430124	0.0428859
15.4439	0.0428859	0.0427751
15.4726	0.0427751	0.0458032
15.4745	0.0458032	0.0453278
15.4764	0.0453278	0.0449118
15.4783	0.0449118	0.0445479
15.4858	0.0445479	0.0442294
15.5977	0.0442294	0.0439507
15.5995	0.0439507	0.0437069
15.6099	0.0437069	0.0434935
15.6387	0.0434935	0.0466818
15.6406	0.0466818	0.0462216
15.6509	0.0462216	0.0468189
15.6797	0.0468189	0.0497165
15.6816	0.0497165	0.048877
15.692	0.048877	0.0491423
15.7207	0.0491423	0.0517495
15.7226	0.0517495	0.0506559
15.7245	0.0506559	0.0496989
15.7339	0.0496989	0.0487365
15.7627	0.0487365	0.0478944
15.7646	0.0478944	0.0471576
15.7665	0.0471576	0.0465129
15.7759	0.0465129	0.0459488
15.8047	0.0459488	0.0454552
15.8066	0.0454552	0.0450233
15.8085	0.0450233	0.0448954
15.817	0.0448954	0.0455335
15.8457	0.0455335	0.0485918
15.8476	0.0485918	0.0478928
15.8495	0.0478928	0.0472812
15.858	0.0472812	0.0474961
15.8868	0.0474961	0.0503091
15.8886	0.0503091	0.0493954
15.8905	0.0493954	0.048596
15.899	0.048596	0.0487715
15.9009	0.0487715	0.0480501
15.9287	0.0480501	0.0472938
15.9306	0.0472938	0.0466321
15.9325	0.0466321	0.0460531
15.941	0.0460531	0.0454214
15.9429	0.0454214	0.0449938
15.9707	0.0449938	0.0446195
15.9726	0.0446195	0.0442921
15.9745	0.0442921	0.0440056
15.983	0.0440056	0.0437549
15.9848	0.0437549	0.0435355
16.0117	0.0435355	0.0467186
16.0136	0.0467186	0.0462538
16.0155	0.0462538	0.045847
16.024	0.045847	0.0462412
16.0259	0.0462412	0.045836
16.0528	0.045836	0.0486065
16.0546	0.0486065	0.0479057
16.0565	0.0479057	0.0472925
16.065	0.0472925	0.0476309
16.0669	0.0476309	0.0470521
16.0938	0.0470521	0.0496705
16.0957	0.0496705	0.0488367
16.0976	0.0488367	0.0481071
16.0995	0.0481071	0.0474687
16.107	0.0474687	0.0466602
16.1089	0.0466602	0.0460776
16.1358	0.0460776	0.0455679
16.1377	0.0455679	0.0451219
16.1395	0.0451219	0.0447317
16.1414	0.0447317	0.0443902
16.149	0.0443902	0.0440915
16.1509	0.0440915	0.04383
16.1777	0.04383	0.0436013
16.1796	0.0436013	0.0434011
16.1815	0.0434011	0.043226
16.1834	0.043226	0.0433227
16.19	0.0433227	0.0440324
16.1919	0.0440324	0.0439033
16.2188	0.0439033	0.0469154
16.2207	0.0469154	0.046426
16.2225	0.046426	0.0459977
16.2244	0.0459977	0.045623
16.231	0.045623	0.0459201
16.2329	0.0459201	0.0454301
16.2598	0.0454301	0.0482514
16.2617	0.0482514	0.0475949
16.2636	0.0475949	0.0470206
16.2655	0.0470206	0.046518
16.2721	0.046518	0.0467033
16.2739	0.0467033	0.0461153
16.2758	0.0461153	0.0457259
16.3018	0.0457259	0.0452602
16.3037	0.0452602	0.0448527
16.3056	0.0448527	0.0444961
16.3074	0.0444961	0.0441841
16.314	0.0441841	0.0439111
16.3159	0.0439111	0.0436722
16.3178	0.0436722	0.0434632
16.3438	0.0434632	0.0432803
16.3456	0.0432803	0.0431202
16.3475	0.0431202	0.0429802
16.3494	0.0429802	0.0428577
16.356	0.0428577	0.0427505
16.3579	0.0427505	0.0426567
16.3598	0.0426567	0.0425746
16.3848	0.0425746	0.0456278
16.3867	0.0456278	0.0452993
16.3886	0.0452993	0.0450119
16.3904	0.0450119	0.0447604
16.397	0.0447604	0.0451653
16.3989	0.0451653	0.0447697
16.4008	0.0447697	0.0445485
16.4258	0.0445485	0.0472299
16.4277	0.0472299	0.0467012
16.4296	0.0467012	0.0462385
16.4315	0.0462385	0.0458337
16.4381	0.0458337	0.0461045
16.44	0.0461045	0.0455914
16.4418	0.0455914	0.0452675
16.4668	0.0452675	0.0478591
16.4687	0.0478591	0.0472517
16.4706	0.0472517	0.0467202
16.4725	0.0467202	0.0462552
16.4744	0.0462552	0.0458483
16.48	0.0458483	0.0453673
16.4819	0.0453673	0.0449463
16.4838	0.0449463	0.0445781
16.5088	0.0445781	0.0442558
16.5107	0.0442558	0.0439738
16.5126	0.0439738	0.0437271
16.5145	0.0437271	0.0435112
16.5164	0.0435112	0.0433223
16.522	0.0433223	0.043157
16.5239	0.043157	0.0430124
16.5258	0.0430124	0.0428858
16.5508	0.0428858	0.0427751
16.5527	0.0427751	0.0426782
16.6041	0.0426782	0.0429684
16.6079	0.0429684	0.0428474
16.6329	0.0428474	0.0456165
16.6348	0.0456165	0.0451644
16.6367	0.0451644	0.0447689
16.6385	0.0447689	0.0444227
16.6461	0.0444227	0.0441199
16.6498	0.0441199	0.0438549
16.6748	0.0438549	0.043623
16.6767	0.043623	0.0434202
16.6786	0.0434202	0.0432426
16.6805	0.0432426	0.0430873
16.688	0.0430873	0.0429514
16.6918	0.0429514	0.0428325
16.7168	0.0428325	0.0427284
16.7187	0.0427284	0.0426374
16.7206	0.0426374	0.0425577
16.7225	0.0425577	0.042488
16.7291	0.042488	0.043302
16.7328	0.043302	0.0433892
16.7578	0.0433892	0.0462156
16.7597	0.0462156	0.0458136
16.7616	0.0458136	0.0454619
16.7635	0.0454619	0.0451542
16.7701	0.0451542	0.0455099
16.7739	0.0455099	0.0453212
16.7989	0.0453212	0.047906
16.8008	0.047906	0.0472928
16.8027	0.0472928	0.0467562
16.8046	0.0467562	0.0462867
16.8111	0.0462867	0.0465008
16.8149	0.0465008	0.0461882
16.8168	0.0461882	0.0457897
16.8408	0.0457897	0.045316
16.8427	0.045316	0.0449015
16.8446	0.0449015	0.0445388
16.8465	0.0445388	0.0442214
16.8531	0.0442214	0.0439438
16.8569	0.0439438	0.0437008
16.8588	0.0437008	0.0434882
16.8828	0.0434882	0.0433022
16.8847	0.0433022	0.0431394
16.8866	0.0431394	0.042997
16.8885	0.042997	0.0428723
16.8951	0.0428723	0.0427633
16.8989	0.0427633	0.0426679
16.9007	0.0426679	0.0425844
16.9239	0.0425844	0.0453864
16.9257	0.0453864	0.0450881
16.9276	0.0450881	0.0448271
16.9295	0.0448271	0.0445987
16.9361	0.0445987	0.0450238
16.9399	0.0450238	0.0448959
16.9418	0.0448959	0.0446589
16.9649	0.0446589	0.0470765
16.9668	0.0470765	0.0465669
16.9687	0.0465669	0.0461211
16.9706	0.0461211	0.0457309
16.9771	0.0457309	0.0460146
16.9809	0.0460146	0.0457628
16.9828	0.0457628	0.0454174
17.0059	0.0454174	0.0477402
17.0078	0.0477402	0.0471477
17.0097	0.0471477	0.0466292
17.0116	0.0466292	0.0461756
17.0135	0.0461756	0.0457786
17.0191	0.0457786	0.0453063
17.0229	0.0453063	0.044893
17.0248	0.044893	0.0445314
17.0479	0.0445314	0.044215
17.0498	0.044215	0.0439381
17.0517	0.0439381	0.0436958
17.0536	0.0436958	0.0434839
17.0554	0.0434839	0.0432984
17.0611	0.0432984	0.0431361
17.0649	0.0431361	0.0429941
17.0668	0.0429941	0.0428698
17.0899	0.0428698	0.0427611
17.0918	0.0427611	0.0426659
17.0936	0.0426659	0.0425827
17.0955	0.0425827	0.0425099
17.0974	0.0425099	0.0426961
17.1021	0.0426961	0.0432341
17.1059	0.0432341	0.0433298
17.1078	0.0433298	0.0432886
17.1309	0.0432886	0.0458775
17.1328	0.0458775	0.0455178
17.1347	0.0455178	0.0452031
17.1366	0.0452031	0.0449277
17.1384	0.0449277	0.0446868
17.1432	0.0446868	0.0448509
17.1469	0.0448509	0.0447445
17.1488	0.0447445	0.0445265
17.1719	0.0445265	0.0469607
17.1738	0.0469607	0.0464656
17.1757	0.0464656	0.0460324
17.1776	0.0460324	0.0456533
17.1795	0.0456533	0.0453217
17.1842	0.0453217	0.0454065
17.1861	0.0454065	0.0451057
17.1889	0.0451057	0.0447174
17.1908	0.0447174	0.0443778
17.2139	0.0443778	0.0440805
17.2158	0.0440805	0.0438205
17.2177	0.0438205	0.0435929
17.2196	0.0435929	0.0433938
17.2214	0.0433938	0.0432196
17.2262	0.0432196	0.0430671
17.228	0.0430671	0.0429337
17.2309	0.0429337	0.042817
17.2328	0.042817	0.0427149
17.2559	0.0427149	0.0426255
17.2578	0.0426255	0.0425473
17.2596	0.0425473	0.0424789
17.2615	0.0424789	0.0424191
17.2634	0.0424191	0.0423667
17.2681	0.0423667	0.0423208
17.27	0.0423208	0.0422807
17.2719	0.0422807	0.0423706
17.2738	0.0423706	0.0424493
17.2969	0.0424493	0.0451431
17.2988	0.0451431	0.0448753
17.3007	0.0448753	0.0446408
17.3026	0.0446408	0.0444357
17.3045	0.0444357	0.0442563
17.3092	0.0442563	0.0444742
17.311	0.0444742	0.04429
17.3129	0.04429	0.0440037
17.3148	0.0440037	0.0438782
17.3379	0.0438782	0.0463935
17.3398	0.0463935	0.0459693
17.3417	0.0459693	0.0455981
17.3436	0.0455981	0.0452734
17.3455	0.0452734	0.0449892
17.3502	0.0449892	0.0451155
17.3521	0.0451155	0.0448511
17.354	0.0448511	0.0444947
17.3559	0.0444947	0.0443079
17.3577	0.0443079	0.0441444
17.3799	0.0441444	0.0438763
17.3818	0.0438763	0.0436418
17.3837	0.0436418	0.0434366
17.3856	0.0434366	0.043257
17.3875	0.043257	0.0430999
17.3922	0.0430999	0.0429624
17.3941	0.0429624	0.0428421
17.3959	0.0428421	0.0427368
17.3978	0.0427368	0.0426447
17.3997	0.0426447	0.0425641
17.4219	0.0425641	0.0424936
17.4238	0.0424936	0.0424319
17.4257	0.0424319	0.0423779
17.4275	0.0423779	0.0423307
17.4294	0.0423307	0.0422893
17.4341	0.0422893	0.0422532
17.436	0.0422532	0.0422215
17.4379	0.0422215	0.0421938
17.4398	0.0421938	0.0421696
17.4417	0.0421696	0.0421484
17.4639	0.0421484	0.0421299
17.4657	0.0421299	0.0423636
17.4676	0.0423636	0.0425682
17.4695	0.0425682	0.0427471
17.4714	0.0427471	0.0429038
17.4752	0.0429038	0.0432908
17.4771	0.0432908	0.0432544
17.4789	0.0432544	0.0430976
17.4808	0.0430976	0.0430854
17.4827	0.0430854	0.0430747
17.5049	0.0430747	0.0455654
17.5068	0.0455654	0.0452447
17.5087	0.0452447	0.0449641
17.5106	0.0449641	0.0447186
17.5124	0.0447186	0.0445038
17.5162	0.0445038	0.0445658
17.5181	0.0445658	0.0443701
17.52	0.0443701	0.0440738
17.5219	0.0440738	0.0439396
17.5238	0.0439396	0.0438221
17.5459	0.0438221	0.0462194
17.5478	0.0462194	0.045817
17.5506	0.045817	0.0455898
17.6011	0.0455898	0.0453911
17.6049	0.0453911	0.0450922
17.6308	0.0450922	0.0449557
17.6337	0.0449557	0.0445862
17.6356	0.0445862	0.0442629
17.6431	0.0442629	0.0439801
17.6469	0.0439801	0.0437326
17.6728	0.0437326	0.043516
17.6756	0.043516	0.0433265
17.6775	0.0433265	0.0431607
17.6851	0.0431607	0.0430156
17.6888	0.0430156	0.0428886
17.7148	0.0428886	0.0427776
17.7176	0.0427776	0.0426804
17.7195	0.0426804	0.0425953
17.727	0.0425953	0.0425209
17.7299	0.0425209	0.0427058
17.7558	0.0427058	0.0457426
17.7586	0.0457426	0.0455247
17.7605	0.0455247	0.0452092
17.7681	0.0452092	0.045683
17.7709	0.045683	0.0453476
17.7968	0.0453476	0.0480542
17.7997	0.0480542	0.0475474
17.8016	0.0475474	0.046979
17.8091	0.046979	0.0472316
17.8119	0.0472316	0.0467027
17.8379	0.0467027	0.0492398
17.8398	0.0492398	0.0484598
17.8417	0.0484598	0.0476524
17.8435	0.0476524	0.0469458
17.8511	0.0469458	0.0463276
17.8539	0.0463276	0.0457866
17.8798	0.0457866	0.0453133
17.8817	0.0453133	0.0448991
17.8836	0.0448991	0.0445368
17.8855	0.0445368	0.0442197
17.893	0.0442197	0.0439422
17.8959	0.0439422	0.0436994
17.9218	0.0436994	0.043487
17.9237	0.043487	0.0433011
17.9256	0.0433011	0.0433885
17.9275	0.0433885	0.0434649
17.9341	0.0434649	0.0441568
17.9369	0.0441568	0.0440122
17.9628	0.0440122	0.0468857
17.9647	0.0468857	0.0464
17.9666	0.0464	0.045975
17.9685	0.045975	0.0456031
17.9751	0.0456031	0.0459027
17.9779	0.0459027	0.0455399
18.0039	0.0455399	0.0482224
18.0058	0.0482224	0.0475696
18.0076	0.0475696	0.0469984
18.0095	0.0469984	0.0464986
18.0114	0.0464986	0.0460613
18.0171	0.0460613	0.0455536
18.0199	0.0455536	0.0451094
18.0458	0.0451094	0.0447207
18.0477	0.0447207	0.0443806
18.0496	0.0443806	0.0440831
18.0515	0.0440831	0.0438227
18.0534	0.0438227	0.0435948
18.059	0.0435948	0.0433955
18.0619	0.0433955	0.043221
18.0878	0.043221	0.0430684
18.0897	0.0430684	0.0429349
18.0916	0.0429349	0.042818
18.0935	0.042818	0.0427158
18.0954	0.0427158	0.0426263
18.101	0.0426263	0.042548
18.1029	0.042548	0.0426045
18.1289	0.0426045	0.0456539
18.1307	0.0456539	0.0453222
18.1326	0.0453222	0.0450319
18.1345	0.0450319	0.0447779
18.1364	0.0447779	0.0445557
18.1421	0.0445557	0.0448612
18.1439	0.0448612	0.0445036
18.1699	0.0445036	0.0473156
18.1718	0.0473156	0.0467762
18.1737	0.0467762	0.0463041
18.1755	0.0463041	0.0458911
18.1774	0.0458911	0.0455297
18.1831	0.0455297	0.0457135
18.185	0.0457135	0.0452493
18.1869	0.0452493	0.0449682
18.2119	0.0449682	0.0445971
18.2137	0.0445971	0.0442725
18.2156	0.0442725	0.0439884
18.2175	0.0439884	0.0437399
18.2194	0.0437399	0.0435224
18.2251	0.0435224	0.0433321
18.2269	0.0433321	0.0431656
18.2288	0.0431656	0.0430199
18.2538	0.0430199	0.0428924
18.2557	0.0428924	0.0427808
18.2576	0.0427808	0.0426832
18.2595	0.0426832	0.0425978
18.2614	0.0425978	0.0425231
18.267	0.0425231	0.0424577
18.2689	0.0424577	0.0424005
18.2708	0.0424005	0.0423504
18.2958	0.0423504	0.0423066
18.2977	0.0423066	0.0425183
18.2996	0.0425183	0.0427035
18.3015	0.0427035	0.0428656
18.3034	0.0428656	0.0430074
18.3081	0.0430074	0.0435065
18.31	0.0435065	0.0433181
18.3118	0.0433181	0.0432784
18.3368	0.0432784	0.0461186
18.3387	0.0461186	0.0457288
18.3406	0.0457288	0.0453877
18.3425	0.0453877	0.0450892
18.3444	0.0450892	0.0448281
18.3491	0.0448281	0.0449745
18.351	0.0449745	0.0446027
18.3529	0.0446027	0.0444024
18.3779	0.0444024	0.0471021
18.3798	0.0471021	0.0465893
18.3816	0.0465893	0.0461407
18.3835	0.0461407	0.0457481
18.3854	0.0457481	0.0454046
18.3873	0.0454046	0.045104
18.3911	0.045104	0.044716
18.393	0.044716	0.0443765
18.3948	0.0443765	0.0440794
18.4198	0.0440794	0.0438195
18.4217	0.0438195	0.0435921
18.4236	0.0435921	0.0433931
18.4255	0.0433931	0.0432189
18.4274	0.0432189	0.0430666
18.4293	0.0430666	0.0429332
18.433	0.0429332	0.0428166
18.4349	0.0428166	0.0427145
18.4368	0.0427145	0.0426252
18.4618	0.0426252	0.042547
18.4637	0.042547	0.0424787
18.4656	0.0424787	0.0424188
18.4675	0.0424188	0.0423665
18.4694	0.0423665	0.0423207
18.4713	0.0423207	0.0425306
18.4741	0.0425306	0.0428393
18.476	0.0428393	0.0427344
18.4778	0.0427344	0.0427676
18.5028	0.0427676	0.0456716
18.5047	0.0456716	0.0453377
18.5066	0.0453377	0.0450455
18.5085	0.0450455	0.0447898
18.5104	0.0447898	0.044566
18.5123	0.044566	0.0443703
18.5151	0.0443703	0.044324
18.517	0.044324	0.0440335
18.5189	0.0440335	0.0439043
18.5439	0.0439043	0.0466663
18.5458	0.0466663	0.046208
18.5477	0.046208	0.045807
18.5495	0.045807	0.0454561
18.5514	0.0454561	0.0451491
18.5533	0.0451491	0.0448805
18.5552	0.0448805	0.0446454
18.5571	0.0446454	0.0443147
18.559	0.0443147	0.0440254
18.5609	0.0440254	0.0437722
18.5858	0.0437722	0.0435507
18.5877	0.0435507	0.0433569
18.5896	0.0433569	0.0431872
18.5915	0.0431872	0.0430388
18.5934	0.0430388	0.042909
18.5953	0.042909	0.0427954
18.5972	0.0427954	0.0426959
18.5991	0.0426959	0.0426089
18.601	0.0426089	0.0425328
18.6028	0.0425328	0.0424662
18.6278	0.0424662	0.0424079
18.6297	0.0424079	0.042357
18.6316	0.042357	0.0423123
18.6335	0.0423123	0.0422733
18.6354	0.0422733	0.0422391
18.6373	0.0422391	0.0422092
18.6392	0.0422092	0.0421831
18.641	0.0421831	0.0421602
18.6429	0.0421602	0.0422652
18.6448	0.0422652	0.042482
18.6689	0.042482	0.0454218
18.6707	0.0454218	0.045119
18.6726	0.045119	0.0448542
18.6745	0.0448542	0.0446224
18.6764	0.0446224	0.0444196
18.6783	0.0444196	0.0442421
18.6802	0.0442421	0.0440869
18.6821	0.0440869	0.043951
18.684	0.043951	0.0437071
18.6858	0.0437071	0.0436187
18.7099	0.0436187	0.0462914
18.7118	0.0462914	0.04588
18.7137	0.04588	0.04552
18.7155	0.04552	0.045205
18.7174	0.045205	0.0449294
18.7193	0.0449294	0.0446882
18.7212	0.0446882	0.0444772
18.7231	0.0444772	0.0442925
18.725	0.0442925	0.044006
18.7269	0.044006	0.0438802
18.7288	0.0438802	0.0437702
18.7519	0.0437702	0.0435489
18.7537	0.0435489	0.0433553
18.7556	0.0433553	0.0431859
18.7575	0.0431859	0.0430376
18.7594	0.0430376	0.0429079
18.7613	0.0429079	0.0427944
18.7632	0.0427944	0.0426951
18.7651	0.0426951	0.0426082
18.767	0.0426082	0.0425322
18.7689	0.0425322	0.0424657
18.7707	0.0424657	0.0424075
18.7938	0.0424075	0.0423565
18.7957	0.0423565	0.042312
18.7976	0.042312	0.042273
18.7995	0.042273	0.0422389
18.8014	0.0422389	0.042209
18.8033	0.042209	0.0421829
18.8052	0.0421829	0.04216
18.807	0.04216	0.04214
18.8089	0.04214	0.0421225
18.8108	0.0421225	0.0421072
18.8127	0.0421072	0.0420938
18.8358	0.0420938	0.0420821
18.8377	0.0420821	0.0423218
18.8396	0.0423218	0.0425316
18.8415	0.0425316	0.0427151
18.8434	0.0427151	0.0428757
18.8452	0.0428757	0.0430163
18.8471	0.0430163	0.0431392
18.849	0.0431392	0.0432468
18.8509	0.0432468	0.043216
18.8528	0.043216	0.043314
18.8547	0.043314	0.0433997
18.8768	0.0433997	0.0459748
18.8787	0.0459748	0.0456029
18.8806	0.0456029	0.0452776
18.8825	0.0452776	0.0449929
18.8844	0.0449929	0.0447438
18.8863	0.0447438	0.0445258
18.8882	0.0445258	0.0443351
18.8901	0.0443351	0.0441682
18.8919	0.0441682	0.0438972
18.8938	0.0438972	0.043785
18.8957	0.043785	0.0436869
18.9179	0.0436869	0.046101
18.9198	0.046101	0.0457134
18.9216	0.0457134	0.0453742
18.9235	0.0453742	0.0450774
18.9254	0.0450774	0.0448178
18.9273	0.0448178	0.0445905
18.9292	0.0445905	0.0443917
18.9311	0.0443917	0.0442178
18.933	0.0442178	0.0439405
18.9349	0.0439405	0.043823
18.9367	0.043823	0.0437201
18.9386	0.0437201	0.0436301
18.9598	0.0436301	0.0434263
18.9617	0.0434263	0.043248
18.9636	0.043248	0.043092
18.9655	0.043092	0.0429555
18.9674	0.0429555	0.0428361
18.9693	0.0428361	0.0427316
18.9712	0.0427316	0.0426401
18.9731	0.0426401	0.0425601
18.9749	0.0425601	0.0424901
18.9768	0.0424901	0.0424288
18.9787	0.0424288	0.0423752
18.9806	0.0423752	0.0423283
19.0018	0.0423283	0.0422873
19.0047	0.0422873	0.0423764
19.0514	0.0423764	0.0424543
19.0542	0.0424543	0.0425225
19.057	0.0425225	0.0425822
19.0608	0.0425822	0.0427594
19.0627	0.0427594	0.0426645
19.0646	0.0426645	0.0425814
19.0848	0.0425814	0.0425088
19.0877	0.0425088	0.0424452
19.0896	0.0424452	0.0423895
19.0933	0.0423895	0.0423408
19.0962	0.0423408	0.0422982
19.099	0.0422982	0.0421359
19.1028	0.0421359	0.042119
19.1047	0.042119	0.0421041
19.1065	0.0421041	0.0420911
19.1268	0.0420911	0.0420797
19.1297	0.0420797	0.0420697
19.1315	0.0420697	0.042061
19.1353	0.042061	0.0420534
19.1391	0.0420534	0.0421717
19.1877	0.0421717	0.0421502
19.2089	0.0421502	0.0443815
19.2136	0.0443815	0.0440838
19.2174	0.0440838	0.0440733
19.2212	0.0440733	0.0440641
19.2231	0.0440641	0.0438061
19.2287	0.0438061	0.0440804
19.2499	0.0440804	0.0463203
19.2546	0.0463203	0.0462803
19.2584	0.0462803	0.0461202
19.2622	0.0461202	0.0459802
19.2641	0.0459802	0.0456077
19.266	0.0456077	0.0451567
19.2707	0.0451567	0.0447621
19.2919	0.0447621	0.0444169
19.2966	0.0444169	0.0441148
19.3004	0.0441148	0.0438504
19.3042	0.0438504	0.0436191
19.3061	0.0436191	0.0434167
19.3079	0.0434167	0.0432396
19.3127	0.0432396	0.0430847
19.3339	0.0430847	0.0429491
19.3386	0.0429491	0.0428305
19.3424	0.0428305	0.0427266
19.3461	0.0427266	0.0426358
19.348	0.0426358	0.0425563
19.3499	0.0425563	0.0424868
19.3546	0.0424868	0.0424259
19.3749	0.0424259	0.0448727
19.3796	0.0448727	0.0450136
19.3834	0.0450136	0.0450119
19.3872	0.0450119	0.0450104
19.3891	0.0450104	0.0447591
19.391	0.0447591	0.0444142
19.3957	0.0444142	0.0446125
19.4159	0.0446125	0.0466609
19.4207	0.0466609	0.0465783
19.4244	0.0465783	0.046381
19.4282	0.046381	0.0462084
19.4301	0.0462084	0.0458073
19.432	0.0458073	0.0453314
19.4367	0.0453314	0.045415
19.457	0.045415	0.0473631
19.4588	0.0473631	0.0468177
19.4626	0.0468177	0.0462155
19.4664	0.0462155	0.0456886
19.4702	0.0456886	0.0452275
19.4721	0.0452275	0.0448241
19.474	0.0448241	0.044471
19.4787	0.044471	0.0441622
19.4989	0.0441622	0.0438919
19.5008	0.0438919	0.0436554
19.5046	0.0436554	0.0434485
19.5084	0.0434485	0.0432674
19.5122	0.0432674	0.043109
19.514	0.043109	0.0429704
19.5159	0.0429704	0.0428491
19.5206	0.0428491	0.0427429
19.5409	0.0427429	0.0426501
19.5428	0.0426501	0.0425688
19.5466	0.0425688	0.0424977
19.5494	0.0424977	0.0428105
19.5532	0.0428105	0.0430842
19.5551	0.0430842	0.0430737
19.557	0.0430737	0.0429395
19.5617	0.0429395	0.043322
19.5819	0.043322	0.0455318
19.5838	0.0455318	0.0452153
19.5876	0.0452153	0.0451884
19.5904	0.0451884	0.0450398
19.5942	0.0450398	0.0450349
19.5961	0.0450349	0.0447805
19.598	0.0447805	0.0444329
19.6027	0.0444329	0.0446288
19.623	0.0446288	0.0466752
19.6249	0.0466752	0.0462158
19.6286	0.0462158	0.0460638
19.6315	0.0460638	0.0458059
19.6352	0.0458059	0.0457051
19.6371	0.0457051	0.045367
19.639	0.045367	0.0450711
19.6409	0.0450711	0.0448122
19.6447	0.0448122	0.0444607
19.6649	0.0444607	0.0441531
19.6668	0.0441531	0.043884
19.6706	0.043884	0.0436485
19.6734	0.0436485	0.0434424
19.6772	0.0434424	0.0432621
19.6791	0.0432621	0.0431043
19.681	0.0431043	0.0428413
19.6829	0.0428413	0.0427361
19.6866	0.0427361	0.0426441
19.7069	0.0426441	0.0425636
19.7088	0.0425636	0.0424932
19.7126	0.0424932	0.0424315
19.7154	0.0424315	0.0423776
19.7192	0.0423776	0.0423304
19.7211	0.0423304	0.0422891
19.723	0.0422891	0.0422529
19.7249	0.0422529	0.0424713
19.7277	0.0424713	0.0427874
19.7479	0.0427874	0.045064
19.7498	0.045064	0.044806
19.7536	0.044806	0.0448302
19.7564	0.0448302	0.0447265
19.7602	0.0447265	0.0447606
19.7621	0.0447606	0.0445406
19.764	0.0445406	0.044348
19.7659	0.044348	0.0441795
19.7687	0.0441795	0.0441571
19.789	0.0441571	0.0462624
19.7909	0.0462624	0.0458546
19.7946	0.0458546	0.0457478
19.7975	0.0457478	0.0455293
19.8013	0.0455293	0.0454632
19.8031	0.0454632	0.0451553
19.805	0.0451553	0.0448859
19.8069	0.0448859	0.0445251
19.8097	0.0445251	0.0444595
19.8116	0.0444595	0.044277
19.8309	0.044277	0.0439924
19.8328	0.0439924	0.0437434
19.8366	0.0437434	0.0435254
19.8394	0.0435254	0.0433348
19.8432	0.0433348	0.0431679
19.8451	0.0431679	0.0430219
19.847	0.0430219	0.0428942
19.8489	0.0428942	0.0427824
19.8517	0.0427824	0.0426846
19.8536	0.0426846	0.042599
19.8729	0.042599	0.0425242
19.8748	0.0425242	0.0424586
19.8786	0.0424586	0.0424013
19.8814	0.0424013	0.0423511
19.8852	0.0423511	0.0423072
19.8871	0.0423072	0.0422688
19.889	0.0422688	0.0421102
19.8909	0.0421102	0.0420965
19.8937	0.0420965	0.0420844
19.8956	0.0420844	0.0420738
19.914	0.0420738	0.0443146
19.9158	0.0443146	0.0441503
19.9196	0.0441503	0.0442565
19.9224	0.0442565	0.0442244
19.9262	0.0442244	0.0443214
19.9281	0.0443214	0.0441562
19.93	0.0441562	0.0440117
19.9319	0.0440117	0.0438852
19.9347	0.0438852	0.0438996
19.9366	0.0438996	0.0437871
19.955	0.0437871	0.0456887
19.9569	0.0456887	0.0453526
19.9607	0.0453526	0.0453086
19.9635	0.0453086	0.045145
19.9673	0.045145	0.0451269
19.9692	0.0451269	0.044861
19.971	0.044861	0.0446284
19.9729	0.0446284	0.0442998
19.9758	0.0442998	0.0442624
19.9776	0.0442624	0.0441046
19.996	0.0441046	0.0460915
19.9979	0.0460915	0.0457051
19.9998	0.0457051	0.0453669
